# AMPL Data File for Water Network Sensor Placement
# Generated automatically from EPANET network file
# Date: 2025-11-15 13:17:41

# ===== PARAMETERS (Scalars) =====

param num_nodes := 97;
param num_attack_nodes := 97;
param num_edges := 119;
param num_patterns := 25;
param flow_threshold := 0.01;

# ===== SETS =====

set NODES := 0 1 2 3 4 5 6 7 8 9 10 11 12 13 14 15 16 17 18 19 20 21 22 23 24 25 26 27 28 29 30 31 32 33 34 35 36 37 38 39 40 41 42 43 44 45 46 47 48 49 50 51 52 53 54 55 56 57 58 59 60 61 62 63 64 65 66 67 68 69 70 71 72 73 74 75 76 77 78 79 80 81 82 83 84 85 86 87 88 89 90 91 92 93 94 95 96;

set ATTACK_NODES := 0 1 2 3 4 5 6 7 8 9 10 11 12 13 14 15 16 17 18 19 20 21 22 23 24 25 26 27 28 29 30 31 32 33 34 35 36 37 38 39 40 41 42 43 44 45 46 47 48 49 50 51 52 53 54 55 56 57 58 59 60 61 62 63 64 65 66 67 68 69 70 71 72 73 74 75 76 77 78 79 80 81 82 83 84 85 86 87 88 89 90 91 92 93 94 95 96;

set PATTERNS := 0 1 2 3 4 5 6 7 8 9 10 11 12 13 14 15 16 17 18 19 20 21 22 23 24;

set EDGES := 
  (88,52)
  (0,90)
  (51,91)
  (96,92)
  (1,2)
  (2,3)
  (2,4)
  (4,5)
  (3,6)
  (6,7)
  (9,7)
  (7,8)
  (9,8)
  (5,9)
  (8,47)
  (81,4)
  (9,10)
  (11,12)
  (12,10)
  (13,12)
  (13,11)
  (14,13)
  (13,15)
  (15,16)
  (52,16)
  (16,17)
  (17,18)
  (17,19)
  (19,20)
  (21,20)
  (25,21)
  (22,20)
  (23,22)
  (23,24)
  (24,26)
  (26,27)
  (15,27)
  (11,26)
  (11,28)
  (28,29)
  (29,30)
  (30,31)
  (31,32)
  (32,33)
  (82,35)
  (34,35)
  (44,55)
  (35,36)
  (36,37)
  (85,36)
  (89,40)
  (40,38)
  (38,39)
  (39,41)
  (90,39)
  (43,42)
  (41,43)
  (42,56)
  (55,43)
  (45,41)
  (45,44)
  (35,84)
  (46,44)
  (83,45)
  (46,47)
  (47,48)
  (30,48)
  (49,46)
  (7,49)
  (37,50)
  (50,53)
  (53,54)
  (50,86)
  (56,58)
  (58,57)
  (87,58)
  (57,59)
  (59,60)
  (60,61)
  (61,62)
  (62,63)
  (63,64)
  (64,65)
  (64,66)
  (62,67)
  (67,68)
  (61,69)
  (69,67)
  (69,70)
  (70,71)
  (71,72)
  (71,73)
  (70,74)
  (73,74)
  (73,77)
  (91,77)
  (77,76)
  (77,75)
  (74,75)
  (12,78)
  (78,79)
  (79,81)
  (78,80)
  (10,80)
  (80,81)
  (82,83)
  (47,83)
  (84,45)
  (40,85)
  (86,87)
  (86,56)
  (31,82)
  (53,87)
  (84,85)
  (94,14)
  (92,93)
  (93,94)
  (95,1)
  (92,94)
;

# Node index to name mapping
param node_name :=
  0  1
  1  10
  2  101
  3  103
  4  105
  5  107
  6  109
  7  111
  8  113
  9  115
  10  117
  11  119
  12  120
  13  121
  14  123
  15  125
  16  127
  17  129
  18  131
  19  139
  20  141
  21  143
  22  145
  23  147
  24  149
  25  15
  26  151
  27  153
  28  157
  29  159
  30  161
  31  163
  32  164
  33  166
  34  167
  35  169
  36  171
  37  173
  38  177
  39  179
  40  181
  41  183
  42  184
  43  185
  44  187
  45  189
  46  191
  47  193
  48  195
  49  197
  50  199
  51  2
  52  20
  53  201
  54  203
  55  204
  56  205
  57  206
  58  207
  59  208
  60  209
  61  211
  62  213
  63  215
  64  217
  65  219
  66  225
  67  229
  68  231
  69  237
  70  239
  71  241
  72  243
  73  247
  74  249
  75  251
  76  253
  77  255
  78  257
  79  259
  80  261
  81  263
  82  265
  83  267
  84  269
  85  271
  86  273
  87  275
  88  3
  89  35
  90  40
  91  50
  92  60
  93  601
  94  61
  95  Lake
  96  River
;

# ===== ALPHA: Attack probabilities [i,p] =====
# alpha[i,p] = probability of attack at node i under pattern p

param alpha : 0 1 2 3 4 5 6 7 8 9 10 11 12 13 14 15 16 17 18 19 20 21 22 23 24 :=
  0  0.000412  0.000412  0.000412  0.000412  0.000412  0.000412  0.000412  0.000412  0.000412  0.000412  0.000412  0.000412  0.000412  0.000412  0.000412  0.000412  0.000412  0.000412  0.000412  0.000412  0.000412  0.000412  0.000412  0.000412  0.000412
  1  0.000412  0.000412  0.000412  0.000412  0.000412  0.000412  0.000412  0.000412  0.000412  0.000412  0.000412  0.000412  0.000412  0.000412  0.000412  0.000412  0.000412  0.000412  0.000412  0.000412  0.000412  0.000412  0.000412  0.000412  0.000412
  2  0.000412  0.000412  0.000412  0.000412  0.000412  0.000412  0.000412  0.000412  0.000412  0.000412  0.000412  0.000412  0.000412  0.000412  0.000412  0.000412  0.000412  0.000412  0.000412  0.000412  0.000412  0.000412  0.000412  0.000412  0.000412
  3  0.000412  0.000412  0.000412  0.000412  0.000412  0.000412  0.000412  0.000412  0.000412  0.000412  0.000412  0.000412  0.000412  0.000412  0.000412  0.000412  0.000412  0.000412  0.000412  0.000412  0.000412  0.000412  0.000412  0.000412  0.000412
  4  0.000412  0.000412  0.000412  0.000412  0.000412  0.000412  0.000412  0.000412  0.000412  0.000412  0.000412  0.000412  0.000412  0.000412  0.000412  0.000412  0.000412  0.000412  0.000412  0.000412  0.000412  0.000412  0.000412  0.000412  0.000412
  5  0.000412  0.000412  0.000412  0.000412  0.000412  0.000412  0.000412  0.000412  0.000412  0.000412  0.000412  0.000412  0.000412  0.000412  0.000412  0.000412  0.000412  0.000412  0.000412  0.000412  0.000412  0.000412  0.000412  0.000412  0.000412
  6  0.000412  0.000412  0.000412  0.000412  0.000412  0.000412  0.000412  0.000412  0.000412  0.000412  0.000412  0.000412  0.000412  0.000412  0.000412  0.000412  0.000412  0.000412  0.000412  0.000412  0.000412  0.000412  0.000412  0.000412  0.000412
  7  0.000412  0.000412  0.000412  0.000412  0.000412  0.000412  0.000412  0.000412  0.000412  0.000412  0.000412  0.000412  0.000412  0.000412  0.000412  0.000412  0.000412  0.000412  0.000412  0.000412  0.000412  0.000412  0.000412  0.000412  0.000412
  8  0.000412  0.000412  0.000412  0.000412  0.000412  0.000412  0.000412  0.000412  0.000412  0.000412  0.000412  0.000412  0.000412  0.000412  0.000412  0.000412  0.000412  0.000412  0.000412  0.000412  0.000412  0.000412  0.000412  0.000412  0.000412
  9  0.000412  0.000412  0.000412  0.000412  0.000412  0.000412  0.000412  0.000412  0.000412  0.000412  0.000412  0.000412  0.000412  0.000412  0.000412  0.000412  0.000412  0.000412  0.000412  0.000412  0.000412  0.000412  0.000412  0.000412  0.000412
  10  0.000412  0.000412  0.000412  0.000412  0.000412  0.000412  0.000412  0.000412  0.000412  0.000412  0.000412  0.000412  0.000412  0.000412  0.000412  0.000412  0.000412  0.000412  0.000412  0.000412  0.000412  0.000412  0.000412  0.000412  0.000412
  11  0.000412  0.000412  0.000412  0.000412  0.000412  0.000412  0.000412  0.000412  0.000412  0.000412  0.000412  0.000412  0.000412  0.000412  0.000412  0.000412  0.000412  0.000412  0.000412  0.000412  0.000412  0.000412  0.000412  0.000412  0.000412
  12  0.000412  0.000412  0.000412  0.000412  0.000412  0.000412  0.000412  0.000412  0.000412  0.000412  0.000412  0.000412  0.000412  0.000412  0.000412  0.000412  0.000412  0.000412  0.000412  0.000412  0.000412  0.000412  0.000412  0.000412  0.000412
  13  0.000412  0.000412  0.000412  0.000412  0.000412  0.000412  0.000412  0.000412  0.000412  0.000412  0.000412  0.000412  0.000412  0.000412  0.000412  0.000412  0.000412  0.000412  0.000412  0.000412  0.000412  0.000412  0.000412  0.000412  0.000412
  14  0.000412  0.000412  0.000412  0.000412  0.000412  0.000412  0.000412  0.000412  0.000412  0.000412  0.000412  0.000412  0.000412  0.000412  0.000412  0.000412  0.000412  0.000412  0.000412  0.000412  0.000412  0.000412  0.000412  0.000412  0.000412
  15  0.000412  0.000412  0.000412  0.000412  0.000412  0.000412  0.000412  0.000412  0.000412  0.000412  0.000412  0.000412  0.000412  0.000412  0.000412  0.000412  0.000412  0.000412  0.000412  0.000412  0.000412  0.000412  0.000412  0.000412  0.000412
  16  0.000412  0.000412  0.000412  0.000412  0.000412  0.000412  0.000412  0.000412  0.000412  0.000412  0.000412  0.000412  0.000412  0.000412  0.000412  0.000412  0.000412  0.000412  0.000412  0.000412  0.000412  0.000412  0.000412  0.000412  0.000412
  17  0.000412  0.000412  0.000412  0.000412  0.000412  0.000412  0.000412  0.000412  0.000412  0.000412  0.000412  0.000412  0.000412  0.000412  0.000412  0.000412  0.000412  0.000412  0.000412  0.000412  0.000412  0.000412  0.000412  0.000412  0.000412
  18  0.000412  0.000412  0.000412  0.000412  0.000412  0.000412  0.000412  0.000412  0.000412  0.000412  0.000412  0.000412  0.000412  0.000412  0.000412  0.000412  0.000412  0.000412  0.000412  0.000412  0.000412  0.000412  0.000412  0.000412  0.000412
  19  0.000412  0.000412  0.000412  0.000412  0.000412  0.000412  0.000412  0.000412  0.000412  0.000412  0.000412  0.000412  0.000412  0.000412  0.000412  0.000412  0.000412  0.000412  0.000412  0.000412  0.000412  0.000412  0.000412  0.000412  0.000412
  20  0.000412  0.000412  0.000412  0.000412  0.000412  0.000412  0.000412  0.000412  0.000412  0.000412  0.000412  0.000412  0.000412  0.000412  0.000412  0.000412  0.000412  0.000412  0.000412  0.000412  0.000412  0.000412  0.000412  0.000412  0.000412
  21  0.000412  0.000412  0.000412  0.000412  0.000412  0.000412  0.000412  0.000412  0.000412  0.000412  0.000412  0.000412  0.000412  0.000412  0.000412  0.000412  0.000412  0.000412  0.000412  0.000412  0.000412  0.000412  0.000412  0.000412  0.000412
  22  0.000412  0.000412  0.000412  0.000412  0.000412  0.000412  0.000412  0.000412  0.000412  0.000412  0.000412  0.000412  0.000412  0.000412  0.000412  0.000412  0.000412  0.000412  0.000412  0.000412  0.000412  0.000412  0.000412  0.000412  0.000412
  23  0.000412  0.000412  0.000412  0.000412  0.000412  0.000412  0.000412  0.000412  0.000412  0.000412  0.000412  0.000412  0.000412  0.000412  0.000412  0.000412  0.000412  0.000412  0.000412  0.000412  0.000412  0.000412  0.000412  0.000412  0.000412
  24  0.000412  0.000412  0.000412  0.000412  0.000412  0.000412  0.000412  0.000412  0.000412  0.000412  0.000412  0.000412  0.000412  0.000412  0.000412  0.000412  0.000412  0.000412  0.000412  0.000412  0.000412  0.000412  0.000412  0.000412  0.000412
  25  0.000412  0.000412  0.000412  0.000412  0.000412  0.000412  0.000412  0.000412  0.000412  0.000412  0.000412  0.000412  0.000412  0.000412  0.000412  0.000412  0.000412  0.000412  0.000412  0.000412  0.000412  0.000412  0.000412  0.000412  0.000412
  26  0.000412  0.000412  0.000412  0.000412  0.000412  0.000412  0.000412  0.000412  0.000412  0.000412  0.000412  0.000412  0.000412  0.000412  0.000412  0.000412  0.000412  0.000412  0.000412  0.000412  0.000412  0.000412  0.000412  0.000412  0.000412
  27  0.000412  0.000412  0.000412  0.000412  0.000412  0.000412  0.000412  0.000412  0.000412  0.000412  0.000412  0.000412  0.000412  0.000412  0.000412  0.000412  0.000412  0.000412  0.000412  0.000412  0.000412  0.000412  0.000412  0.000412  0.000412
  28  0.000412  0.000412  0.000412  0.000412  0.000412  0.000412  0.000412  0.000412  0.000412  0.000412  0.000412  0.000412  0.000412  0.000412  0.000412  0.000412  0.000412  0.000412  0.000412  0.000412  0.000412  0.000412  0.000412  0.000412  0.000412
  29  0.000412  0.000412  0.000412  0.000412  0.000412  0.000412  0.000412  0.000412  0.000412  0.000412  0.000412  0.000412  0.000412  0.000412  0.000412  0.000412  0.000412  0.000412  0.000412  0.000412  0.000412  0.000412  0.000412  0.000412  0.000412
  30  0.000412  0.000412  0.000412  0.000412  0.000412  0.000412  0.000412  0.000412  0.000412  0.000412  0.000412  0.000412  0.000412  0.000412  0.000412  0.000412  0.000412  0.000412  0.000412  0.000412  0.000412  0.000412  0.000412  0.000412  0.000412
  31  0.000412  0.000412  0.000412  0.000412  0.000412  0.000412  0.000412  0.000412  0.000412  0.000412  0.000412  0.000412  0.000412  0.000412  0.000412  0.000412  0.000412  0.000412  0.000412  0.000412  0.000412  0.000412  0.000412  0.000412  0.000412
  32  0.000412  0.000412  0.000412  0.000412  0.000412  0.000412  0.000412  0.000412  0.000412  0.000412  0.000412  0.000412  0.000412  0.000412  0.000412  0.000412  0.000412  0.000412  0.000412  0.000412  0.000412  0.000412  0.000412  0.000412  0.000412
  33  0.000412  0.000412  0.000412  0.000412  0.000412  0.000412  0.000412  0.000412  0.000412  0.000412  0.000412  0.000412  0.000412  0.000412  0.000412  0.000412  0.000412  0.000412  0.000412  0.000412  0.000412  0.000412  0.000412  0.000412  0.000412
  34  0.000412  0.000412  0.000412  0.000412  0.000412  0.000412  0.000412  0.000412  0.000412  0.000412  0.000412  0.000412  0.000412  0.000412  0.000412  0.000412  0.000412  0.000412  0.000412  0.000412  0.000412  0.000412  0.000412  0.000412  0.000412
  35  0.000412  0.000412  0.000412  0.000412  0.000412  0.000412  0.000412  0.000412  0.000412  0.000412  0.000412  0.000412  0.000412  0.000412  0.000412  0.000412  0.000412  0.000412  0.000412  0.000412  0.000412  0.000412  0.000412  0.000412  0.000412
  36  0.000412  0.000412  0.000412  0.000412  0.000412  0.000412  0.000412  0.000412  0.000412  0.000412  0.000412  0.000412  0.000412  0.000412  0.000412  0.000412  0.000412  0.000412  0.000412  0.000412  0.000412  0.000412  0.000412  0.000412  0.000412
  37  0.000412  0.000412  0.000412  0.000412  0.000412  0.000412  0.000412  0.000412  0.000412  0.000412  0.000412  0.000412  0.000412  0.000412  0.000412  0.000412  0.000412  0.000412  0.000412  0.000412  0.000412  0.000412  0.000412  0.000412  0.000412
  38  0.000412  0.000412  0.000412  0.000412  0.000412  0.000412  0.000412  0.000412  0.000412  0.000412  0.000412  0.000412  0.000412  0.000412  0.000412  0.000412  0.000412  0.000412  0.000412  0.000412  0.000412  0.000412  0.000412  0.000412  0.000412
  39  0.000412  0.000412  0.000412  0.000412  0.000412  0.000412  0.000412  0.000412  0.000412  0.000412  0.000412  0.000412  0.000412  0.000412  0.000412  0.000412  0.000412  0.000412  0.000412  0.000412  0.000412  0.000412  0.000412  0.000412  0.000412
  40  0.000412  0.000412  0.000412  0.000412  0.000412  0.000412  0.000412  0.000412  0.000412  0.000412  0.000412  0.000412  0.000412  0.000412  0.000412  0.000412  0.000412  0.000412  0.000412  0.000412  0.000412  0.000412  0.000412  0.000412  0.000412
  41  0.000412  0.000412  0.000412  0.000412  0.000412  0.000412  0.000412  0.000412  0.000412  0.000412  0.000412  0.000412  0.000412  0.000412  0.000412  0.000412  0.000412  0.000412  0.000412  0.000412  0.000412  0.000412  0.000412  0.000412  0.000412
  42  0.000412  0.000412  0.000412  0.000412  0.000412  0.000412  0.000412  0.000412  0.000412  0.000412  0.000412  0.000412  0.000412  0.000412  0.000412  0.000412  0.000412  0.000412  0.000412  0.000412  0.000412  0.000412  0.000412  0.000412  0.000412
  43  0.000412  0.000412  0.000412  0.000412  0.000412  0.000412  0.000412  0.000412  0.000412  0.000412  0.000412  0.000412  0.000412  0.000412  0.000412  0.000412  0.000412  0.000412  0.000412  0.000412  0.000412  0.000412  0.000412  0.000412  0.000412
  44  0.000412  0.000412  0.000412  0.000412  0.000412  0.000412  0.000412  0.000412  0.000412  0.000412  0.000412  0.000412  0.000412  0.000412  0.000412  0.000412  0.000412  0.000412  0.000412  0.000412  0.000412  0.000412  0.000412  0.000412  0.000412
  45  0.000412  0.000412  0.000412  0.000412  0.000412  0.000412  0.000412  0.000412  0.000412  0.000412  0.000412  0.000412  0.000412  0.000412  0.000412  0.000412  0.000412  0.000412  0.000412  0.000412  0.000412  0.000412  0.000412  0.000412  0.000412
  46  0.000412  0.000412  0.000412  0.000412  0.000412  0.000412  0.000412  0.000412  0.000412  0.000412  0.000412  0.000412  0.000412  0.000412  0.000412  0.000412  0.000412  0.000412  0.000412  0.000412  0.000412  0.000412  0.000412  0.000412  0.000412
  47  0.000412  0.000412  0.000412  0.000412  0.000412  0.000412  0.000412  0.000412  0.000412  0.000412  0.000412  0.000412  0.000412  0.000412  0.000412  0.000412  0.000412  0.000412  0.000412  0.000412  0.000412  0.000412  0.000412  0.000412  0.000412
  48  0.000412  0.000412  0.000412  0.000412  0.000412  0.000412  0.000412  0.000412  0.000412  0.000412  0.000412  0.000412  0.000412  0.000412  0.000412  0.000412  0.000412  0.000412  0.000412  0.000412  0.000412  0.000412  0.000412  0.000412  0.000412
  49  0.000412  0.000412  0.000412  0.000412  0.000412  0.000412  0.000412  0.000412  0.000412  0.000412  0.000412  0.000412  0.000412  0.000412  0.000412  0.000412  0.000412  0.000412  0.000412  0.000412  0.000412  0.000412  0.000412  0.000412  0.000412
  50  0.000412  0.000412  0.000412  0.000412  0.000412  0.000412  0.000412  0.000412  0.000412  0.000412  0.000412  0.000412  0.000412  0.000412  0.000412  0.000412  0.000412  0.000412  0.000412  0.000412  0.000412  0.000412  0.000412  0.000412  0.000412
  51  0.000412  0.000412  0.000412  0.000412  0.000412  0.000412  0.000412  0.000412  0.000412  0.000412  0.000412  0.000412  0.000412  0.000412  0.000412  0.000412  0.000412  0.000412  0.000412  0.000412  0.000412  0.000412  0.000412  0.000412  0.000412
  52  0.000412  0.000412  0.000412  0.000412  0.000412  0.000412  0.000412  0.000412  0.000412  0.000412  0.000412  0.000412  0.000412  0.000412  0.000412  0.000412  0.000412  0.000412  0.000412  0.000412  0.000412  0.000412  0.000412  0.000412  0.000412
  53  0.000412  0.000412  0.000412  0.000412  0.000412  0.000412  0.000412  0.000412  0.000412  0.000412  0.000412  0.000412  0.000412  0.000412  0.000412  0.000412  0.000412  0.000412  0.000412  0.000412  0.000412  0.000412  0.000412  0.000412  0.000412
  54  0.000412  0.000412  0.000412  0.000412  0.000412  0.000412  0.000412  0.000412  0.000412  0.000412  0.000412  0.000412  0.000412  0.000412  0.000412  0.000412  0.000412  0.000412  0.000412  0.000412  0.000412  0.000412  0.000412  0.000412  0.000412
  55  0.000412  0.000412  0.000412  0.000412  0.000412  0.000412  0.000412  0.000412  0.000412  0.000412  0.000412  0.000412  0.000412  0.000412  0.000412  0.000412  0.000412  0.000412  0.000412  0.000412  0.000412  0.000412  0.000412  0.000412  0.000412
  56  0.000412  0.000412  0.000412  0.000412  0.000412  0.000412  0.000412  0.000412  0.000412  0.000412  0.000412  0.000412  0.000412  0.000412  0.000412  0.000412  0.000412  0.000412  0.000412  0.000412  0.000412  0.000412  0.000412  0.000412  0.000412
  57  0.000412  0.000412  0.000412  0.000412  0.000412  0.000412  0.000412  0.000412  0.000412  0.000412  0.000412  0.000412  0.000412  0.000412  0.000412  0.000412  0.000412  0.000412  0.000412  0.000412  0.000412  0.000412  0.000412  0.000412  0.000412
  58  0.000412  0.000412  0.000412  0.000412  0.000412  0.000412  0.000412  0.000412  0.000412  0.000412  0.000412  0.000412  0.000412  0.000412  0.000412  0.000412  0.000412  0.000412  0.000412  0.000412  0.000412  0.000412  0.000412  0.000412  0.000412
  59  0.000412  0.000412  0.000412  0.000412  0.000412  0.000412  0.000412  0.000412  0.000412  0.000412  0.000412  0.000412  0.000412  0.000412  0.000412  0.000412  0.000412  0.000412  0.000412  0.000412  0.000412  0.000412  0.000412  0.000412  0.000412
  60  0.000412  0.000412  0.000412  0.000412  0.000412  0.000412  0.000412  0.000412  0.000412  0.000412  0.000412  0.000412  0.000412  0.000412  0.000412  0.000412  0.000412  0.000412  0.000412  0.000412  0.000412  0.000412  0.000412  0.000412  0.000412
  61  0.000412  0.000412  0.000412  0.000412  0.000412  0.000412  0.000412  0.000412  0.000412  0.000412  0.000412  0.000412  0.000412  0.000412  0.000412  0.000412  0.000412  0.000412  0.000412  0.000412  0.000412  0.000412  0.000412  0.000412  0.000412
  62  0.000412  0.000412  0.000412  0.000412  0.000412  0.000412  0.000412  0.000412  0.000412  0.000412  0.000412  0.000412  0.000412  0.000412  0.000412  0.000412  0.000412  0.000412  0.000412  0.000412  0.000412  0.000412  0.000412  0.000412  0.000412
  63  0.000412  0.000412  0.000412  0.000412  0.000412  0.000412  0.000412  0.000412  0.000412  0.000412  0.000412  0.000412  0.000412  0.000412  0.000412  0.000412  0.000412  0.000412  0.000412  0.000412  0.000412  0.000412  0.000412  0.000412  0.000412
  64  0.000412  0.000412  0.000412  0.000412  0.000412  0.000412  0.000412  0.000412  0.000412  0.000412  0.000412  0.000412  0.000412  0.000412  0.000412  0.000412  0.000412  0.000412  0.000412  0.000412  0.000412  0.000412  0.000412  0.000412  0.000412
  65  0.000412  0.000412  0.000412  0.000412  0.000412  0.000412  0.000412  0.000412  0.000412  0.000412  0.000412  0.000412  0.000412  0.000412  0.000412  0.000412  0.000412  0.000412  0.000412  0.000412  0.000412  0.000412  0.000412  0.000412  0.000412
  66  0.000412  0.000412  0.000412  0.000412  0.000412  0.000412  0.000412  0.000412  0.000412  0.000412  0.000412  0.000412  0.000412  0.000412  0.000412  0.000412  0.000412  0.000412  0.000412  0.000412  0.000412  0.000412  0.000412  0.000412  0.000412
  67  0.000412  0.000412  0.000412  0.000412  0.000412  0.000412  0.000412  0.000412  0.000412  0.000412  0.000412  0.000412  0.000412  0.000412  0.000412  0.000412  0.000412  0.000412  0.000412  0.000412  0.000412  0.000412  0.000412  0.000412  0.000412
  68  0.000412  0.000412  0.000412  0.000412  0.000412  0.000412  0.000412  0.000412  0.000412  0.000412  0.000412  0.000412  0.000412  0.000412  0.000412  0.000412  0.000412  0.000412  0.000412  0.000412  0.000412  0.000412  0.000412  0.000412  0.000412
  69  0.000412  0.000412  0.000412  0.000412  0.000412  0.000412  0.000412  0.000412  0.000412  0.000412  0.000412  0.000412  0.000412  0.000412  0.000412  0.000412  0.000412  0.000412  0.000412  0.000412  0.000412  0.000412  0.000412  0.000412  0.000412
  70  0.000412  0.000412  0.000412  0.000412  0.000412  0.000412  0.000412  0.000412  0.000412  0.000412  0.000412  0.000412  0.000412  0.000412  0.000412  0.000412  0.000412  0.000412  0.000412  0.000412  0.000412  0.000412  0.000412  0.000412  0.000412
  71  0.000412  0.000412  0.000412  0.000412  0.000412  0.000412  0.000412  0.000412  0.000412  0.000412  0.000412  0.000412  0.000412  0.000412  0.000412  0.000412  0.000412  0.000412  0.000412  0.000412  0.000412  0.000412  0.000412  0.000412  0.000412
  72  0.000412  0.000412  0.000412  0.000412  0.000412  0.000412  0.000412  0.000412  0.000412  0.000412  0.000412  0.000412  0.000412  0.000412  0.000412  0.000412  0.000412  0.000412  0.000412  0.000412  0.000412  0.000412  0.000412  0.000412  0.000412
  73  0.000412  0.000412  0.000412  0.000412  0.000412  0.000412  0.000412  0.000412  0.000412  0.000412  0.000412  0.000412  0.000412  0.000412  0.000412  0.000412  0.000412  0.000412  0.000412  0.000412  0.000412  0.000412  0.000412  0.000412  0.000412
  74  0.000412  0.000412  0.000412  0.000412  0.000412  0.000412  0.000412  0.000412  0.000412  0.000412  0.000412  0.000412  0.000412  0.000412  0.000412  0.000412  0.000412  0.000412  0.000412  0.000412  0.000412  0.000412  0.000412  0.000412  0.000412
  75  0.000412  0.000412  0.000412  0.000412  0.000412  0.000412  0.000412  0.000412  0.000412  0.000412  0.000412  0.000412  0.000412  0.000412  0.000412  0.000412  0.000412  0.000412  0.000412  0.000412  0.000412  0.000412  0.000412  0.000412  0.000412
  76  0.000412  0.000412  0.000412  0.000412  0.000412  0.000412  0.000412  0.000412  0.000412  0.000412  0.000412  0.000412  0.000412  0.000412  0.000412  0.000412  0.000412  0.000412  0.000412  0.000412  0.000412  0.000412  0.000412  0.000412  0.000412
  77  0.000412  0.000412  0.000412  0.000412  0.000412  0.000412  0.000412  0.000412  0.000412  0.000412  0.000412  0.000412  0.000412  0.000412  0.000412  0.000412  0.000412  0.000412  0.000412  0.000412  0.000412  0.000412  0.000412  0.000412  0.000412
  78  0.000412  0.000412  0.000412  0.000412  0.000412  0.000412  0.000412  0.000412  0.000412  0.000412  0.000412  0.000412  0.000412  0.000412  0.000412  0.000412  0.000412  0.000412  0.000412  0.000412  0.000412  0.000412  0.000412  0.000412  0.000412
  79  0.000412  0.000412  0.000412  0.000412  0.000412  0.000412  0.000412  0.000412  0.000412  0.000412  0.000412  0.000412  0.000412  0.000412  0.000412  0.000412  0.000412  0.000412  0.000412  0.000412  0.000412  0.000412  0.000412  0.000412  0.000412
  80  0.000412  0.000412  0.000412  0.000412  0.000412  0.000412  0.000412  0.000412  0.000412  0.000412  0.000412  0.000412  0.000412  0.000412  0.000412  0.000412  0.000412  0.000412  0.000412  0.000412  0.000412  0.000412  0.000412  0.000412  0.000412
  81  0.000412  0.000412  0.000412  0.000412  0.000412  0.000412  0.000412  0.000412  0.000412  0.000412  0.000412  0.000412  0.000412  0.000412  0.000412  0.000412  0.000412  0.000412  0.000412  0.000412  0.000412  0.000412  0.000412  0.000412  0.000412
  82  0.000412  0.000412  0.000412  0.000412  0.000412  0.000412  0.000412  0.000412  0.000412  0.000412  0.000412  0.000412  0.000412  0.000412  0.000412  0.000412  0.000412  0.000412  0.000412  0.000412  0.000412  0.000412  0.000412  0.000412  0.000412
  83  0.000412  0.000412  0.000412  0.000412  0.000412  0.000412  0.000412  0.000412  0.000412  0.000412  0.000412  0.000412  0.000412  0.000412  0.000412  0.000412  0.000412  0.000412  0.000412  0.000412  0.000412  0.000412  0.000412  0.000412  0.000412
  84  0.000412  0.000412  0.000412  0.000412  0.000412  0.000412  0.000412  0.000412  0.000412  0.000412  0.000412  0.000412  0.000412  0.000412  0.000412  0.000412  0.000412  0.000412  0.000412  0.000412  0.000412  0.000412  0.000412  0.000412  0.000412
  85  0.000412  0.000412  0.000412  0.000412  0.000412  0.000412  0.000412  0.000412  0.000412  0.000412  0.000412  0.000412  0.000412  0.000412  0.000412  0.000412  0.000412  0.000412  0.000412  0.000412  0.000412  0.000412  0.000412  0.000412  0.000412
  86  0.000412  0.000412  0.000412  0.000412  0.000412  0.000412  0.000412  0.000412  0.000412  0.000412  0.000412  0.000412  0.000412  0.000412  0.000412  0.000412  0.000412  0.000412  0.000412  0.000412  0.000412  0.000412  0.000412  0.000412  0.000412
  87  0.000412  0.000412  0.000412  0.000412  0.000412  0.000412  0.000412  0.000412  0.000412  0.000412  0.000412  0.000412  0.000412  0.000412  0.000412  0.000412  0.000412  0.000412  0.000412  0.000412  0.000412  0.000412  0.000412  0.000412  0.000412
  88  0.000412  0.000412  0.000412  0.000412  0.000412  0.000412  0.000412  0.000412  0.000412  0.000412  0.000412  0.000412  0.000412  0.000412  0.000412  0.000412  0.000412  0.000412  0.000412  0.000412  0.000412  0.000412  0.000412  0.000412  0.000412
  89  0.000412  0.000412  0.000412  0.000412  0.000412  0.000412  0.000412  0.000412  0.000412  0.000412  0.000412  0.000412  0.000412  0.000412  0.000412  0.000412  0.000412  0.000412  0.000412  0.000412  0.000412  0.000412  0.000412  0.000412  0.000412
  90  0.000412  0.000412  0.000412  0.000412  0.000412  0.000412  0.000412  0.000412  0.000412  0.000412  0.000412  0.000412  0.000412  0.000412  0.000412  0.000412  0.000412  0.000412  0.000412  0.000412  0.000412  0.000412  0.000412  0.000412  0.000412
  91  0.000412  0.000412  0.000412  0.000412  0.000412  0.000412  0.000412  0.000412  0.000412  0.000412  0.000412  0.000412  0.000412  0.000412  0.000412  0.000412  0.000412  0.000412  0.000412  0.000412  0.000412  0.000412  0.000412  0.000412  0.000412
  92  0.000412  0.000412  0.000412  0.000412  0.000412  0.000412  0.000412  0.000412  0.000412  0.000412  0.000412  0.000412  0.000412  0.000412  0.000412  0.000412  0.000412  0.000412  0.000412  0.000412  0.000412  0.000412  0.000412  0.000412  0.000412
  93  0.000412  0.000412  0.000412  0.000412  0.000412  0.000412  0.000412  0.000412  0.000412  0.000412  0.000412  0.000412  0.000412  0.000412  0.000412  0.000412  0.000412  0.000412  0.000412  0.000412  0.000412  0.000412  0.000412  0.000412  0.000412
  94  0.000412  0.000412  0.000412  0.000412  0.000412  0.000412  0.000412  0.000412  0.000412  0.000412  0.000412  0.000412  0.000412  0.000412  0.000412  0.000412  0.000412  0.000412  0.000412  0.000412  0.000412  0.000412  0.000412  0.000412  0.000412
  95  0.000412  0.000412  0.000412  0.000412  0.000412  0.000412  0.000412  0.000412  0.000412  0.000412  0.000412  0.000412  0.000412  0.000412  0.000412  0.000412  0.000412  0.000412  0.000412  0.000412  0.000412  0.000412  0.000412  0.000412  0.000412
  96  0.000412  0.000412  0.000412  0.000412  0.000412  0.000412  0.000412  0.000412  0.000412  0.000412  0.000412  0.000412  0.000412  0.000412  0.000412  0.000412  0.000412  0.000412  0.000412  0.000412  0.000412  0.000412  0.000412  0.000412  0.000412
;

# ===== DELTA: Node importance weights [j,p] =====
# delta[j,p] = importance/weight of node j under pattern p

param delta : 0 1 2 3 4 5 6 7 8 9 10 11 12 13 14 15 16 17 18 19 20 21 22 23 24 :=
  0  0.010870  0.010870  0.010870  0.010870  0.010870  0.010870  0.010870  0.010870  0.010870  0.010870  0.010870  0.010870  0.010870  0.010870  0.010870  0.010870  0.010870  0.010870  0.010870  0.010870  0.010870  0.010870  0.010870  0.010870  0.010870
  1  0.010870  0.010870  0.010870  0.010870  0.010870  0.010870  0.010870  0.010870  0.010870  0.010870  0.010870  0.010870  0.010870  0.010870  0.010870  0.010870  0.010870  0.010870  0.010870  0.010870  0.010870  0.010870  0.010870  0.010870  0.010870
  2  0.010870  0.010870  0.010870  0.010870  0.010870  0.010870  0.010870  0.010870  0.010870  0.010870  0.010870  0.010870  0.010870  0.010870  0.010870  0.010870  0.010870  0.010870  0.010870  0.010870  0.010870  0.010870  0.010870  0.010870  0.010870
  3  0.010870  0.010870  0.010870  0.010870  0.010870  0.010870  0.010870  0.010870  0.010870  0.010870  0.010870  0.010870  0.010870  0.010870  0.010870  0.010870  0.010870  0.010870  0.010870  0.010870  0.010870  0.010870  0.010870  0.010870  0.010870
  4  0.010870  0.010870  0.010870  0.010870  0.010870  0.010870  0.010870  0.010870  0.010870  0.010870  0.010870  0.010870  0.010870  0.010870  0.010870  0.010870  0.010870  0.010870  0.010870  0.010870  0.010870  0.010870  0.010870  0.010870  0.010870
  5  0.010870  0.010870  0.010870  0.010870  0.010870  0.010870  0.010870  0.010870  0.010870  0.010870  0.010870  0.010870  0.010870  0.010870  0.010870  0.010870  0.010870  0.010870  0.010870  0.010870  0.010870  0.010870  0.010870  0.010870  0.010870
  6  0.010870  0.010870  0.010870  0.010870  0.010870  0.010870  0.010870  0.010870  0.010870  0.010870  0.010870  0.010870  0.010870  0.010870  0.010870  0.010870  0.010870  0.010870  0.010870  0.010870  0.010870  0.010870  0.010870  0.010870  0.010870
  7  0.010870  0.010870  0.010870  0.010870  0.010870  0.010870  0.010870  0.010870  0.010870  0.010870  0.010870  0.010870  0.010870  0.010870  0.010870  0.010870  0.010870  0.010870  0.010870  0.010870  0.010870  0.010870  0.010870  0.010870  0.010870
  8  0.010870  0.010870  0.010870  0.010870  0.010870  0.010870  0.010870  0.010870  0.010870  0.010870  0.010870  0.010870  0.010870  0.010870  0.010870  0.010870  0.010870  0.010870  0.010870  0.010870  0.010870  0.010870  0.010870  0.010870  0.010870
  9  0.010870  0.010870  0.010870  0.010870  0.010870  0.010870  0.010870  0.010870  0.010870  0.010870  0.010870  0.010870  0.010870  0.010870  0.010870  0.010870  0.010870  0.010870  0.010870  0.010870  0.010870  0.010870  0.010870  0.010870  0.010870
  10  0.010870  0.010870  0.010870  0.010870  0.010870  0.010870  0.010870  0.010870  0.010870  0.010870  0.010870  0.010870  0.010870  0.010870  0.010870  0.010870  0.010870  0.010870  0.010870  0.010870  0.010870  0.010870  0.010870  0.010870  0.010870
  11  0.010870  0.010870  0.010870  0.010870  0.010870  0.010870  0.010870  0.010870  0.010870  0.010870  0.010870  0.010870  0.010870  0.010870  0.010870  0.010870  0.010870  0.010870  0.010870  0.010870  0.010870  0.010870  0.010870  0.010870  0.010870
  12  0.010870  0.010870  0.010870  0.010870  0.010870  0.010870  0.010870  0.010870  0.010870  0.010870  0.010870  0.010870  0.010870  0.010870  0.010870  0.010870  0.010870  0.010870  0.010870  0.010870  0.010870  0.010870  0.010870  0.010870  0.010870
  13  0.010870  0.010870  0.010870  0.010870  0.010870  0.010870  0.010870  0.010870  0.010870  0.010870  0.010870  0.010870  0.010870  0.010870  0.010870  0.010870  0.010870  0.010870  0.010870  0.010870  0.010870  0.010870  0.010870  0.010870  0.010870
  14  0.010870  0.010870  0.010870  0.010870  0.010870  0.010870  0.010870  0.010870  0.010870  0.010870  0.010870  0.010870  0.010870  0.010870  0.010870  0.010870  0.010870  0.010870  0.010870  0.010870  0.010870  0.010870  0.010870  0.010870  0.010870
  15  0.010870  0.010870  0.010870  0.010870  0.010870  0.010870  0.010870  0.010870  0.010870  0.010870  0.010870  0.010870  0.010870  0.010870  0.010870  0.010870  0.010870  0.010870  0.010870  0.010870  0.010870  0.010870  0.010870  0.010870  0.010870
  16  0.010870  0.010870  0.010870  0.010870  0.010870  0.010870  0.010870  0.010870  0.010870  0.010870  0.010870  0.010870  0.010870  0.010870  0.010870  0.010870  0.010870  0.010870  0.010870  0.010870  0.010870  0.010870  0.010870  0.010870  0.010870
  17  0.010870  0.010870  0.010870  0.010870  0.010870  0.010870  0.010870  0.010870  0.010870  0.010870  0.010870  0.010870  0.010870  0.010870  0.010870  0.010870  0.010870  0.010870  0.010870  0.010870  0.010870  0.010870  0.010870  0.010870  0.010870
  18  0.010870  0.010870  0.010870  0.010870  0.010870  0.010870  0.010870  0.010870  0.010870  0.010870  0.010870  0.010870  0.010870  0.010870  0.010870  0.010870  0.010870  0.010870  0.010870  0.010870  0.010870  0.010870  0.010870  0.010870  0.010870
  19  0.010870  0.010870  0.010870  0.010870  0.010870  0.010870  0.010870  0.010870  0.010870  0.010870  0.010870  0.010870  0.010870  0.010870  0.010870  0.010870  0.010870  0.010870  0.010870  0.010870  0.010870  0.010870  0.010870  0.010870  0.010870
  20  0.010870  0.010870  0.010870  0.010870  0.010870  0.010870  0.010870  0.010870  0.010870  0.010870  0.010870  0.010870  0.010870  0.010870  0.010870  0.010870  0.010870  0.010870  0.010870  0.010870  0.010870  0.010870  0.010870  0.010870  0.010870
  21  0.010870  0.010870  0.010870  0.010870  0.010870  0.010870  0.010870  0.010870  0.010870  0.010870  0.010870  0.010870  0.010870  0.010870  0.010870  0.010870  0.010870  0.010870  0.010870  0.010870  0.010870  0.010870  0.010870  0.010870  0.010870
  22  0.010870  0.010870  0.010870  0.010870  0.010870  0.010870  0.010870  0.010870  0.010870  0.010870  0.010870  0.010870  0.010870  0.010870  0.010870  0.010870  0.010870  0.010870  0.010870  0.010870  0.010870  0.010870  0.010870  0.010870  0.010870
  23  0.010870  0.010870  0.010870  0.010870  0.010870  0.010870  0.010870  0.010870  0.010870  0.010870  0.010870  0.010870  0.010870  0.010870  0.010870  0.010870  0.010870  0.010870  0.010870  0.010870  0.010870  0.010870  0.010870  0.010870  0.010870
  24  0.010870  0.010870  0.010870  0.010870  0.010870  0.010870  0.010870  0.010870  0.010870  0.010870  0.010870  0.010870  0.010870  0.010870  0.010870  0.010870  0.010870  0.010870  0.010870  0.010870  0.010870  0.010870  0.010870  0.010870  0.010870
  25  0.010870  0.010870  0.010870  0.010870  0.010870  0.010870  0.010870  0.010870  0.010870  0.010870  0.010870  0.010870  0.010870  0.010870  0.010870  0.010870  0.010870  0.010870  0.010870  0.010870  0.010870  0.010870  0.010870  0.010870  0.010870
  26  0.010870  0.010870  0.010870  0.010870  0.010870  0.010870  0.010870  0.010870  0.010870  0.010870  0.010870  0.010870  0.010870  0.010870  0.010870  0.010870  0.010870  0.010870  0.010870  0.010870  0.010870  0.010870  0.010870  0.010870  0.010870
  27  0.010870  0.010870  0.010870  0.010870  0.010870  0.010870  0.010870  0.010870  0.010870  0.010870  0.010870  0.010870  0.010870  0.010870  0.010870  0.010870  0.010870  0.010870  0.010870  0.010870  0.010870  0.010870  0.010870  0.010870  0.010870
  28  0.010870  0.010870  0.010870  0.010870  0.010870  0.010870  0.010870  0.010870  0.010870  0.010870  0.010870  0.010870  0.010870  0.010870  0.010870  0.010870  0.010870  0.010870  0.010870  0.010870  0.010870  0.010870  0.010870  0.010870  0.010870
  29  0.010870  0.010870  0.010870  0.010870  0.010870  0.010870  0.010870  0.010870  0.010870  0.010870  0.010870  0.010870  0.010870  0.010870  0.010870  0.010870  0.010870  0.010870  0.010870  0.010870  0.010870  0.010870  0.010870  0.010870  0.010870
  30  0.010870  0.010870  0.010870  0.010870  0.010870  0.010870  0.010870  0.010870  0.010870  0.010870  0.010870  0.010870  0.010870  0.010870  0.010870  0.010870  0.010870  0.010870  0.010870  0.010870  0.010870  0.010870  0.010870  0.010870  0.010870
  31  0.010870  0.010870  0.010870  0.010870  0.010870  0.010870  0.010870  0.010870  0.010870  0.010870  0.010870  0.010870  0.010870  0.010870  0.010870  0.010870  0.010870  0.010870  0.010870  0.010870  0.010870  0.010870  0.010870  0.010870  0.010870
  32  0.010870  0.010870  0.010870  0.010870  0.010870  0.010870  0.010870  0.010870  0.010870  0.010870  0.010870  0.010870  0.010870  0.010870  0.010870  0.010870  0.010870  0.010870  0.010870  0.010870  0.010870  0.010870  0.010870  0.010870  0.010870
  33  0.010870  0.010870  0.010870  0.010870  0.010870  0.010870  0.010870  0.010870  0.010870  0.010870  0.010870  0.010870  0.010870  0.010870  0.010870  0.010870  0.010870  0.010870  0.010870  0.010870  0.010870  0.010870  0.010870  0.010870  0.010870
  34  0.010870  0.010870  0.010870  0.010870  0.010870  0.010870  0.010870  0.010870  0.010870  0.010870  0.010870  0.010870  0.010870  0.010870  0.010870  0.010870  0.010870  0.010870  0.010870  0.010870  0.010870  0.010870  0.010870  0.010870  0.010870
  35  0.010870  0.010870  0.010870  0.010870  0.010870  0.010870  0.010870  0.010870  0.010870  0.010870  0.010870  0.010870  0.010870  0.010870  0.010870  0.010870  0.010870  0.010870  0.010870  0.010870  0.010870  0.010870  0.010870  0.010870  0.010870
  36  0.010870  0.010870  0.010870  0.010870  0.010870  0.010870  0.010870  0.010870  0.010870  0.010870  0.010870  0.010870  0.010870  0.010870  0.010870  0.010870  0.010870  0.010870  0.010870  0.010870  0.010870  0.010870  0.010870  0.010870  0.010870
  37  0.010870  0.010870  0.010870  0.010870  0.010870  0.010870  0.010870  0.010870  0.010870  0.010870  0.010870  0.010870  0.010870  0.010870  0.010870  0.010870  0.010870  0.010870  0.010870  0.010870  0.010870  0.010870  0.010870  0.010870  0.010870
  38  0.010870  0.010870  0.010870  0.010870  0.010870  0.010870  0.010870  0.010870  0.010870  0.010870  0.010870  0.010870  0.010870  0.010870  0.010870  0.010870  0.010870  0.010870  0.010870  0.010870  0.010870  0.010870  0.010870  0.010870  0.010870
  39  0.010870  0.010870  0.010870  0.010870  0.010870  0.010870  0.010870  0.010870  0.010870  0.010870  0.010870  0.010870  0.010870  0.010870  0.010870  0.010870  0.010870  0.010870  0.010870  0.010870  0.010870  0.010870  0.010870  0.010870  0.010870
  40  0.010870  0.010870  0.010870  0.010870  0.010870  0.010870  0.010870  0.010870  0.010870  0.010870  0.010870  0.010870  0.010870  0.010870  0.010870  0.010870  0.010870  0.010870  0.010870  0.010870  0.010870  0.010870  0.010870  0.010870  0.010870
  41  0.010870  0.010870  0.010870  0.010870  0.010870  0.010870  0.010870  0.010870  0.010870  0.010870  0.010870  0.010870  0.010870  0.010870  0.010870  0.010870  0.010870  0.010870  0.010870  0.010870  0.010870  0.010870  0.010870  0.010870  0.010870
  42  0.010870  0.010870  0.010870  0.010870  0.010870  0.010870  0.010870  0.010870  0.010870  0.010870  0.010870  0.010870  0.010870  0.010870  0.010870  0.010870  0.010870  0.010870  0.010870  0.010870  0.010870  0.010870  0.010870  0.010870  0.010870
  43  0.010870  0.010870  0.010870  0.010870  0.010870  0.010870  0.010870  0.010870  0.010870  0.010870  0.010870  0.010870  0.010870  0.010870  0.010870  0.010870  0.010870  0.010870  0.010870  0.010870  0.010870  0.010870  0.010870  0.010870  0.010870
  44  0.010870  0.010870  0.010870  0.010870  0.010870  0.010870  0.010870  0.010870  0.010870  0.010870  0.010870  0.010870  0.010870  0.010870  0.010870  0.010870  0.010870  0.010870  0.010870  0.010870  0.010870  0.010870  0.010870  0.010870  0.010870
  45  0.010870  0.010870  0.010870  0.010870  0.010870  0.010870  0.010870  0.010870  0.010870  0.010870  0.010870  0.010870  0.010870  0.010870  0.010870  0.010870  0.010870  0.010870  0.010870  0.010870  0.010870  0.010870  0.010870  0.010870  0.010870
  46  0.010870  0.010870  0.010870  0.010870  0.010870  0.010870  0.010870  0.010870  0.010870  0.010870  0.010870  0.010870  0.010870  0.010870  0.010870  0.010870  0.010870  0.010870  0.010870  0.010870  0.010870  0.010870  0.010870  0.010870  0.010870
  47  0.010870  0.010870  0.010870  0.010870  0.010870  0.010870  0.010870  0.010870  0.010870  0.010870  0.010870  0.010870  0.010870  0.010870  0.010870  0.010870  0.010870  0.010870  0.010870  0.010870  0.010870  0.010870  0.010870  0.010870  0.010870
  48  0.010870  0.010870  0.010870  0.010870  0.010870  0.010870  0.010870  0.010870  0.010870  0.010870  0.010870  0.010870  0.010870  0.010870  0.010870  0.010870  0.010870  0.010870  0.010870  0.010870  0.010870  0.010870  0.010870  0.010870  0.010870
  49  0.010870  0.010870  0.010870  0.010870  0.010870  0.010870  0.010870  0.010870  0.010870  0.010870  0.010870  0.010870  0.010870  0.010870  0.010870  0.010870  0.010870  0.010870  0.010870  0.010870  0.010870  0.010870  0.010870  0.010870  0.010870
  50  0.010870  0.010870  0.010870  0.010870  0.010870  0.010870  0.010870  0.010870  0.010870  0.010870  0.010870  0.010870  0.010870  0.010870  0.010870  0.010870  0.010870  0.010870  0.010870  0.010870  0.010870  0.010870  0.010870  0.010870  0.010870
  51  0.010870  0.010870  0.010870  0.010870  0.010870  0.010870  0.010870  0.010870  0.010870  0.010870  0.010870  0.010870  0.010870  0.010870  0.010870  0.010870  0.010870  0.010870  0.010870  0.010870  0.010870  0.010870  0.010870  0.010870  0.010870
  52  0.010870  0.010870  0.010870  0.010870  0.010870  0.010870  0.010870  0.010870  0.010870  0.010870  0.010870  0.010870  0.010870  0.010870  0.010870  0.010870  0.010870  0.010870  0.010870  0.010870  0.010870  0.010870  0.010870  0.010870  0.010870
  53  0.010870  0.010870  0.010870  0.010870  0.010870  0.010870  0.010870  0.010870  0.010870  0.010870  0.010870  0.010870  0.010870  0.010870  0.010870  0.010870  0.010870  0.010870  0.010870  0.010870  0.010870  0.010870  0.010870  0.010870  0.010870
  54  0.010870  0.010870  0.010870  0.010870  0.010870  0.010870  0.010870  0.010870  0.010870  0.010870  0.010870  0.010870  0.010870  0.010870  0.010870  0.010870  0.010870  0.010870  0.010870  0.010870  0.010870  0.010870  0.010870  0.010870  0.010870
  55  0.010870  0.010870  0.010870  0.010870  0.010870  0.010870  0.010870  0.010870  0.010870  0.010870  0.010870  0.010870  0.010870  0.010870  0.010870  0.010870  0.010870  0.010870  0.010870  0.010870  0.010870  0.010870  0.010870  0.010870  0.010870
  56  0.010870  0.010870  0.010870  0.010870  0.010870  0.010870  0.010870  0.010870  0.010870  0.010870  0.010870  0.010870  0.010870  0.010870  0.010870  0.010870  0.010870  0.010870  0.010870  0.010870  0.010870  0.010870  0.010870  0.010870  0.010870
  57  0.010870  0.010870  0.010870  0.010870  0.010870  0.010870  0.010870  0.010870  0.010870  0.010870  0.010870  0.010870  0.010870  0.010870  0.010870  0.010870  0.010870  0.010870  0.010870  0.010870  0.010870  0.010870  0.010870  0.010870  0.010870
  58  0.010870  0.010870  0.010870  0.010870  0.010870  0.010870  0.010870  0.010870  0.010870  0.010870  0.010870  0.010870  0.010870  0.010870  0.010870  0.010870  0.010870  0.010870  0.010870  0.010870  0.010870  0.010870  0.010870  0.010870  0.010870
  59  0.010870  0.010870  0.010870  0.010870  0.010870  0.010870  0.010870  0.010870  0.010870  0.010870  0.010870  0.010870  0.010870  0.010870  0.010870  0.010870  0.010870  0.010870  0.010870  0.010870  0.010870  0.010870  0.010870  0.010870  0.010870
  60  0.010870  0.010870  0.010870  0.010870  0.010870  0.010870  0.010870  0.010870  0.010870  0.010870  0.010870  0.010870  0.010870  0.010870  0.010870  0.010870  0.010870  0.010870  0.010870  0.010870  0.010870  0.010870  0.010870  0.010870  0.010870
  61  0.010870  0.010870  0.010870  0.010870  0.010870  0.010870  0.010870  0.010870  0.010870  0.010870  0.010870  0.010870  0.010870  0.010870  0.010870  0.010870  0.010870  0.010870  0.010870  0.010870  0.010870  0.010870  0.010870  0.010870  0.010870
  62  0.010870  0.010870  0.010870  0.010870  0.010870  0.010870  0.010870  0.010870  0.010870  0.010870  0.010870  0.010870  0.010870  0.010870  0.010870  0.010870  0.010870  0.010870  0.010870  0.010870  0.010870  0.010870  0.010870  0.010870  0.010870
  63  0.010870  0.010870  0.010870  0.010870  0.010870  0.010870  0.010870  0.010870  0.010870  0.010870  0.010870  0.010870  0.010870  0.010870  0.010870  0.010870  0.010870  0.010870  0.010870  0.010870  0.010870  0.010870  0.010870  0.010870  0.010870
  64  0.010870  0.010870  0.010870  0.010870  0.010870  0.010870  0.010870  0.010870  0.010870  0.010870  0.010870  0.010870  0.010870  0.010870  0.010870  0.010870  0.010870  0.010870  0.010870  0.010870  0.010870  0.010870  0.010870  0.010870  0.010870
  65  0.010870  0.010870  0.010870  0.010870  0.010870  0.010870  0.010870  0.010870  0.010870  0.010870  0.010870  0.010870  0.010870  0.010870  0.010870  0.010870  0.010870  0.010870  0.010870  0.010870  0.010870  0.010870  0.010870  0.010870  0.010870
  66  0.010870  0.010870  0.010870  0.010870  0.010870  0.010870  0.010870  0.010870  0.010870  0.010870  0.010870  0.010870  0.010870  0.010870  0.010870  0.010870  0.010870  0.010870  0.010870  0.010870  0.010870  0.010870  0.010870  0.010870  0.010870
  67  0.010870  0.010870  0.010870  0.010870  0.010870  0.010870  0.010870  0.010870  0.010870  0.010870  0.010870  0.010870  0.010870  0.010870  0.010870  0.010870  0.010870  0.010870  0.010870  0.010870  0.010870  0.010870  0.010870  0.010870  0.010870
  68  0.010870  0.010870  0.010870  0.010870  0.010870  0.010870  0.010870  0.010870  0.010870  0.010870  0.010870  0.010870  0.010870  0.010870  0.010870  0.010870  0.010870  0.010870  0.010870  0.010870  0.010870  0.010870  0.010870  0.010870  0.010870
  69  0.010870  0.010870  0.010870  0.010870  0.010870  0.010870  0.010870  0.010870  0.010870  0.010870  0.010870  0.010870  0.010870  0.010870  0.010870  0.010870  0.010870  0.010870  0.010870  0.010870  0.010870  0.010870  0.010870  0.010870  0.010870
  70  0.010870  0.010870  0.010870  0.010870  0.010870  0.010870  0.010870  0.010870  0.010870  0.010870  0.010870  0.010870  0.010870  0.010870  0.010870  0.010870  0.010870  0.010870  0.010870  0.010870  0.010870  0.010870  0.010870  0.010870  0.010870
  71  0.010870  0.010870  0.010870  0.010870  0.010870  0.010870  0.010870  0.010870  0.010870  0.010870  0.010870  0.010870  0.010870  0.010870  0.010870  0.010870  0.010870  0.010870  0.010870  0.010870  0.010870  0.010870  0.010870  0.010870  0.010870
  72  0.010870  0.010870  0.010870  0.010870  0.010870  0.010870  0.010870  0.010870  0.010870  0.010870  0.010870  0.010870  0.010870  0.010870  0.010870  0.010870  0.010870  0.010870  0.010870  0.010870  0.010870  0.010870  0.010870  0.010870  0.010870
  73  0.010870  0.010870  0.010870  0.010870  0.010870  0.010870  0.010870  0.010870  0.010870  0.010870  0.010870  0.010870  0.010870  0.010870  0.010870  0.010870  0.010870  0.010870  0.010870  0.010870  0.010870  0.010870  0.010870  0.010870  0.010870
  74  0.010870  0.010870  0.010870  0.010870  0.010870  0.010870  0.010870  0.010870  0.010870  0.010870  0.010870  0.010870  0.010870  0.010870  0.010870  0.010870  0.010870  0.010870  0.010870  0.010870  0.010870  0.010870  0.010870  0.010870  0.010870
  75  0.010870  0.010870  0.010870  0.010870  0.010870  0.010870  0.010870  0.010870  0.010870  0.010870  0.010870  0.010870  0.010870  0.010870  0.010870  0.010870  0.010870  0.010870  0.010870  0.010870  0.010870  0.010870  0.010870  0.010870  0.010870
  76  0.010870  0.010870  0.010870  0.010870  0.010870  0.010870  0.010870  0.010870  0.010870  0.010870  0.010870  0.010870  0.010870  0.010870  0.010870  0.010870  0.010870  0.010870  0.010870  0.010870  0.010870  0.010870  0.010870  0.010870  0.010870
  77  0.010870  0.010870  0.010870  0.010870  0.010870  0.010870  0.010870  0.010870  0.010870  0.010870  0.010870  0.010870  0.010870  0.010870  0.010870  0.010870  0.010870  0.010870  0.010870  0.010870  0.010870  0.010870  0.010870  0.010870  0.010870
  78  0.010870  0.010870  0.010870  0.010870  0.010870  0.010870  0.010870  0.010870  0.010870  0.010870  0.010870  0.010870  0.010870  0.010870  0.010870  0.010870  0.010870  0.010870  0.010870  0.010870  0.010870  0.010870  0.010870  0.010870  0.010870
  79  0.010870  0.010870  0.010870  0.010870  0.010870  0.010870  0.010870  0.010870  0.010870  0.010870  0.010870  0.010870  0.010870  0.010870  0.010870  0.010870  0.010870  0.010870  0.010870  0.010870  0.010870  0.010870  0.010870  0.010870  0.010870
  80  0.010870  0.010870  0.010870  0.010870  0.010870  0.010870  0.010870  0.010870  0.010870  0.010870  0.010870  0.010870  0.010870  0.010870  0.010870  0.010870  0.010870  0.010870  0.010870  0.010870  0.010870  0.010870  0.010870  0.010870  0.010870
  81  0.010870  0.010870  0.010870  0.010870  0.010870  0.010870  0.010870  0.010870  0.010870  0.010870  0.010870  0.010870  0.010870  0.010870  0.010870  0.010870  0.010870  0.010870  0.010870  0.010870  0.010870  0.010870  0.010870  0.010870  0.010870
  82  0.010870  0.010870  0.010870  0.010870  0.010870  0.010870  0.010870  0.010870  0.010870  0.010870  0.010870  0.010870  0.010870  0.010870  0.010870  0.010870  0.010870  0.010870  0.010870  0.010870  0.010870  0.010870  0.010870  0.010870  0.010870
  83  0.010870  0.010870  0.010870  0.010870  0.010870  0.010870  0.010870  0.010870  0.010870  0.010870  0.010870  0.010870  0.010870  0.010870  0.010870  0.010870  0.010870  0.010870  0.010870  0.010870  0.010870  0.010870  0.010870  0.010870  0.010870
  84  0.010870  0.010870  0.010870  0.010870  0.010870  0.010870  0.010870  0.010870  0.010870  0.010870  0.010870  0.010870  0.010870  0.010870  0.010870  0.010870  0.010870  0.010870  0.010870  0.010870  0.010870  0.010870  0.010870  0.010870  0.010870
  85  0.010870  0.010870  0.010870  0.010870  0.010870  0.010870  0.010870  0.010870  0.010870  0.010870  0.010870  0.010870  0.010870  0.010870  0.010870  0.010870  0.010870  0.010870  0.010870  0.010870  0.010870  0.010870  0.010870  0.010870  0.010870
  86  0.010870  0.010870  0.010870  0.010870  0.010870  0.010870  0.010870  0.010870  0.010870  0.010870  0.010870  0.010870  0.010870  0.010870  0.010870  0.010870  0.010870  0.010870  0.010870  0.010870  0.010870  0.010870  0.010870  0.010870  0.010870
  87  0.010870  0.010870  0.010870  0.010870  0.010870  0.010870  0.010870  0.010870  0.010870  0.010870  0.010870  0.010870  0.010870  0.010870  0.010870  0.010870  0.010870  0.010870  0.010870  0.010870  0.010870  0.010870  0.010870  0.010870  0.010870
  88  0.010870  0.010870  0.010870  0.010870  0.010870  0.010870  0.010870  0.010870  0.010870  0.010870  0.010870  0.010870  0.010870  0.010870  0.010870  0.010870  0.010870  0.010870  0.010870  0.010870  0.010870  0.010870  0.010870  0.010870  0.010870
  89  0.010870  0.010870  0.010870  0.010870  0.010870  0.010870  0.010870  0.010870  0.010870  0.010870  0.010870  0.010870  0.010870  0.010870  0.010870  0.010870  0.010870  0.010870  0.010870  0.010870  0.010870  0.010870  0.010870  0.010870  0.010870
  90  0.010870  0.010870  0.010870  0.010870  0.010870  0.010870  0.010870  0.010870  0.010870  0.010870  0.010870  0.010870  0.010870  0.010870  0.010870  0.010870  0.010870  0.010870  0.010870  0.010870  0.010870  0.010870  0.010870  0.010870  0.010870
  91  0.010870  0.010870  0.010870  0.010870  0.010870  0.010870  0.010870  0.010870  0.010870  0.010870  0.010870  0.010870  0.010870  0.010870  0.010870  0.010870  0.010870  0.010870  0.010870  0.010870  0.010870  0.010870  0.010870  0.010870  0.010870
  92  0.000000  0.000000  0.000000  0.000000  0.000000  0.000000  0.000000  0.000000  0.000000  0.000000  0.000000  0.000000  0.000000  0.000000  0.000000  0.000000  0.000000  0.000000  0.000000  0.000000  0.000000  0.000000  0.000000  0.000000  0.000000
  93  0.000000  0.000000  0.000000  0.000000  0.000000  0.000000  0.000000  0.000000  0.000000  0.000000  0.000000  0.000000  0.000000  0.000000  0.000000  0.000000  0.000000  0.000000  0.000000  0.000000  0.000000  0.000000  0.000000  0.000000  0.000000
  94  0.000000  0.000000  0.000000  0.000000  0.000000  0.000000  0.000000  0.000000  0.000000  0.000000  0.000000  0.000000  0.000000  0.000000  0.000000  0.000000  0.000000  0.000000  0.000000  0.000000  0.000000  0.000000  0.000000  0.000000  0.000000
  95  0.000000  0.000000  0.000000  0.000000  0.000000  0.000000  0.000000  0.000000  0.000000  0.000000  0.000000  0.000000  0.000000  0.000000  0.000000  0.000000  0.000000  0.000000  0.000000  0.000000  0.000000  0.000000  0.000000  0.000000  0.000000
  96  0.000000  0.000000  0.000000  0.000000  0.000000  0.000000  0.000000  0.000000  0.000000  0.000000  0.000000  0.000000  0.000000  0.000000  0.000000  0.000000  0.000000  0.000000  0.000000  0.000000  0.000000  0.000000  0.000000  0.000000  0.000000
;

# ===== FLOW: Binary flow pattern matrix [edge,p] =====
# flow[e,p] = 1 if there is flow on edge e in pattern p, 0 otherwise
# Edges are indexed 0 to num_edges-1

param flow : 0 1 2 3 4 5 6 7 8 9 10 11 12 13 14 15 16 17 18 19 20 21 22 23 24 :=
  0  0  0  0  0  0  0  1  0  0  0  1  1  1  1  1  1  1  1  1  1  1  1  1  0  0
  1  0  0  0  0  0  0  0  0  0  0  0  1  1  1  0  0  1  1  1  1  1  1  1  0  1
  2  1  1  0  0  0  0  0  0  0  0  0  0  1  0  0  0  1  1  1  1  1  1  1  1  1
  3  1  1  1  1  1  1  1  1  1  1  1  1  1  1  1  1  1  1  1  1  1  1  1  1  1
  4  0  1  1  1  1  1  1  1  1  1  1  1  1  1  1  1  0  0  0  0  0  0  0  0  0
  5  1  1  1  1  1  1  1  1  1  1  1  1  1  1  1  1  1  1  1  1  1  1  1  1  1
  6  0  1  1  1  1  1  1  1  1  1  1  1  1  1  1  1  0  0  0  0  0  0  0  0  0
  7  1  1  1  1  1  1  1  1  1  1  1  1  1  1  1  1  1  1  1  1  1  1  1  1  1
  8  0  1  1  1  1  1  1  1  1  1  1  1  1  1  1  1  1  1  1  1  1  1  1  1  0
  9  0  1  1  1  1  1  1  1  1  1  1  1  1  1  1  1  0  0  0  0  0  0  0  0  0
  10  1  1  1  1  1  1  1  1  1  1  1  1  1  1  1  1  1  1  1  1  1  1  1  1  1
  11  0  1  1  1  1  1  1  1  1  1  1  1  1  1  1  1  1  1  1  1  1  1  0  1  0
  12  1  1  1  1  1  1  1  1  1  1  1  1  1  1  1  1  1  1  1  1  1  1  1  1  1
  13  0  1  1  1  1  1  1  1  1  1  1  1  1  1  1  1  1  1  1  1  1  1  0  1  0
  14  1  1  1  1  1  1  1  1  1  1  1  1  1  1  1  1  1  1  1  1  1  1  1  1  0
  15  1  0  0  0  0  0  0  0  0  0  0  0  0  0  0  0  1  1  1  1  1  1  1  1  1
  16  0  0  0  0  0  0  0  0  0  0  0  0  0  0  0  0  0  0  0  0  0  0  0  0  0
  17  1  0  0  0  0  0  0  0  0  0  0  0  0  0  0  0  1  1  1  1  1  1  1  1  1
  18  1  1  1  1  0  0  0  0  0  0  0  0  0  0  0  0  1  1  1  1  1  1  1  1  1
  19  1  1  1  1  1  1  1  1  1  1  1  1  1  1  1  1  1  1  1  1  1  1  1  1  1
  20  1  1  1  1  1  1  1  1  1  1  1  1  1  1  1  1  1  1  1  1  1  1  1  1  1
  21  1  1  1  1  1  1  1  1  1  1  1  1  1  1  1  1  1  1  1  1  1  1  1  1  1
  22  1  1  1  1  1  1  0  1  1  1  0  0  0  0  0  1  0  0  0  0  0  0  0  1  1
  23  1  1  1  1  1  1  0  1  1  1  0  0  0  0  0  0  0  0  0  0  0  0  0  1  1
  24  0  0  0  0  0  0  1  0  0  0  1  1  1  1  1  1  1  1  1  1  1  1  1  0  0
  25  1  1  1  1  1  1  1  1  1  1  1  1  1  1  1  1  1  1  1  1  1  1  1  1  1
  26  1  1  1  1  1  1  1  1  1  1  1  1  1  1  1  1  1  1  1  1  1  1  1  1  1
  27  1  1  1  1  1  1  1  1  1  1  1  1  1  1  1  1  1  1  1  1  1  1  1  1  1
  28  1  1  1  1  1  1  1  1  1  1  1  1  1  1  1  1  1  1  1  1  1  1  1  1  1
  29  0  0  0  0  0  0  0  0  0  0  0  0  0  0  0  0  0  0  0  0  0  0  0  0  0
  30  0  0  0  0  0  0  0  0  0  0  0  0  0  0  0  0  0  0  0  0  0  0  0  0  0
  31  1  1  1  1  1  1  1  1  0  0  0  0  1  1  1  1  1  0  0  0  0  0  0  0  1
  32  1  1  1  1  1  1  1  1  0  0  0  0  1  1  1  1  1  0  0  0  0  0  0  0  1
  33  0  0  0  0  0  0  0  0  1  1  1  1  0  0  0  0  0  1  1  1  1  1  1  1  0
  34  0  0  0  0  0  0  0  0  1  1  1  1  0  0  0  0  0  1  1  1  1  1  1  0  0
  35  0  0  0  0  0  0  0  0  0  0  0  0  0  0  0  0  0  0  0  0  0  0  0  0  0
  36  1  1  1  1  1  1  1  1  1  1  1  1  1  1  1  1  1  1  1  1  1  1  1  1  1
  37  1  1  1  1  1  1  1  1  1  1  1  1  1  1  1  1  1  0  0  0  0  0  0  1  1
  38  1  1  1  1  1  1  1  1  1  1  1  1  1  1  1  1  1  1  1  1  1  1  1  1  1
  39  1  1  1  1  1  1  1  1  1  1  1  1  1  1  1  1  1  1  1  1  1  1  1  1  1
  40  1  1  1  1  1  1  1  1  1  1  1  1  1  1  1  1  1  1  1  1  1  1  1  1  1
  41  1  1  1  1  1  1  1  1  1  1  1  1  1  1  1  1  1  1  1  1  1  1  1  1  1
  42  1  1  1  1  1  1  1  1  1  1  1  1  1  1  1  1  1  1  1  1  1  1  1  1  1
  43  1  1  1  1  1  1  1  1  1  1  1  1  1  1  1  1  1  1  1  1  1  1  1  1  1
  44  1  1  1  1  1  1  1  1  1  1  1  1  1  1  1  1  1  1  1  1  1  1  1  1  1
  45  0  0  0  0  0  0  0  0  0  0  0  0  0  0  0  0  0  0  0  0  0  0  0  0  0
  46  1  1  1  1  1  1  1  1  1  1  1  1  1  1  1  1  1  1  1  1  1  1  1  1  1
  47  1  1  1  1  1  1  1  1  1  1  1  1  1  1  1  1  1  1  1  1  1  1  1  1  1
  48  1  1  1  1  1  1  1  1  1  1  1  1  1  1  1  1  1  1  1  1  1  1  1  1  1
  49  0  0  0  0  0  0  0  0  0  0  0  0  0  0  0  0  0  0  0  0  0  0  0  0  0
  50  0  0  0  0  0  0  0  0  0  0  0  0  0  0  0  0  0  0  0  0  0  0  0  0  0
  51  1  1  1  1  1  1  1  1  0  0  0  0  0  0  0  0  0  0  0  0  0  0  0  1  0
  52  1  1  1  1  1  1  1  1  0  0  0  0  0  0  0  0  0  0  0  0  0  0  0  1  0
  53  0  0  0  0  0  0  0  0  0  0  0  0  0  0  0  0  0  0  0  0  0  0  1  0  1
  54  0  0  0  0  0  0  0  0  0  0  0  1  1  1  0  0  1  1  1  1  1  1  1  0  1
  55  1  1  1  1  1  1  1  1  1  1  1  1  1  1  1  1  1  1  1  1  1  1  1  1  1
  56  1  1  1  1  1  1  1  1  1  1  1  1  1  1  1  1  1  1  1  1  1  1  1  1  1
  57  1  1  1  1  1  1  1  1  1  1  1  1  1  1  1  1  1  1  1  1  1  1  1  1  1
  58  1  1  1  1  1  1  1  1  1  1  1  1  1  1  1  1  1  1  1  1  1  1  1  1  1
  59  1  1  1  1  1  1  1  1  1  1  1  1  1  1  1  1  1  1  1  1  1  1  1  1  1
  60  1  0  0  0  0  0  0  0  0  0  0  0  0  0  0  0  1  1  1  1  1  1  1  1  1
  61  1  1  1  1  1  1  1  1  1  1  1  1  1  1  1  1  1  1  1  1  1  1  1  1  1
  62  1  1  1  1  1  1  1  1  1  1  1  1  1  1  1  1  1  1  1  1  1  1  1  1  1
  63  1  1  1  1  1  1  1  1  1  1  1  1  1  1  1  1  1  1  1  1  1  1  1  1  1
  64  0  0  0  0  1  1  1  1  1  1  1  1  1  1  1  1  0  0  0  0  0  0  0  0  0
  65  0  0  1  1  1  1  1  1  1  1  1  1  1  1  1  1  0  0  0  0  0  0  0  0  0
  66  1  1  0  0  0  0  0  0  0  0  0  0  0  0  0  0  1  1  1  1  1  1  1  1  1
  67  1  1  1  1  1  1  1  1  1  1  1  1  1  1  1  1  1  1  1  1  1  1  1  1  1
  68  1  1  1  1  1  1  1  1  1  1  1  1  1  1  1  1  1  1  1  1  1  1  1  1  1
  69  1  1  1  1  1  1  1  1  1  1  1  1  1  1  1  1  1  1  1  1  1  1  1  1  1
  70  1  1  1  1  1  1  1  1  1  1  1  1  1  1  1  1  1  1  1  1  1  1  1  1  1
  71  1  1  1  1  1  1  1  1  1  1  1  1  1  1  1  1  1  1  1  1  1  1  1  1  1
  72  1  1  1  1  1  1  1  1  1  1  1  1  1  1  1  1  1  1  1  1  1  1  1  1  1
  73  1  1  1  1  1  1  1  1  1  1  1  1  1  1  1  1  1  1  1  1  1  1  1  1  1
  74  1  1  1  1  1  1  1  1  1  1  1  1  1  1  1  1  1  1  1  1  1  1  1  1  1
  75  1  1  1  1  1  1  1  1  1  1  1  1  1  1  1  1  1  0  0  0  0  0  0  1  1
  76  1  1  1  1  1  1  1  1  1  1  1  1  1  1  1  1  1  1  1  1  1  1  1  1  1
  77  1  1  1  1  1  1  1  1  1  1  1  1  1  1  1  1  1  1  1  1  1  1  1  1  1
  78  1  1  1  1  1  1  1  1  1  1  1  1  1  1  1  1  1  1  1  1  1  1  1  1  1
  79  1  1  1  1  1  1  1  1  1  1  1  1  1  1  1  1  1  1  1  1  1  1  1  1  1
  80  1  1  1  1  1  1  1  1  1  1  1  1  1  1  1  1  1  1  1  1  1  1  1  1  1
  81  1  1  1  1  1  1  1  1  1  1  1  1  1  1  1  1  1  1  1  1  1  1  1  1  1
  82  1  1  1  1  1  1  1  1  1  1  1  1  1  1  1  1  1  1  1  1  1  1  1  1  1
  83  1  1  1  1  1  1  1  1  1  1  1  1  1  1  1  1  1  1  1  1  1  1  1  1  1
  84  1  1  1  1  1  1  1  1  1  1  1  1  1  1  1  1  1  1  1  1  1  1  1  1  1
  85  1  1  1  1  1  1  1  1  1  1  1  1  1  1  1  1  1  1  1  1  1  1  1  1  1
  86  1  1  1  1  1  1  1  1  1  1  1  1  1  1  1  1  1  1  1  1  1  1  1  1  1
  87  1  1  0  0  0  0  0  0  0  0  0  0  1  1  0  0  1  1  1  1  1  1  1  1  1
  88  0  1  1  1  1  1  1  1  1  1  1  1  1  1  1  1  1  1  1  1  1  0  0  1  1
  89  0  1  1  1  1  1  1  1  1  1  1  1  1  1  1  1  1  1  1  1  1  0  0  1  0
  90  1  1  1  1  1  1  1  1  1  1  1  1  1  1  1  1  1  1  1  1  1  1  1  1  1
  91  0  1  1  1  1  1  1  1  1  1  1  1  1  1  1  1  1  1  1  1  1  0  0  1  0
  92  0  1  1  1  1  1  1  1  1  1  1  1  1  1  1  1  1  1  1  1  1  0  0  1  0
  93  1  0  0  0  0  0  0  0  0  0  0  0  0  0  0  0  0  0  0  0  0  1  1  0  0
  94  0  0  1  1  1  1  1  1  1  1  1  1  1  1  1  1  1  1  1  1  1  0  0  0  0
  95  1  1  0  0  0  0  0  0  0  0  0  0  1  0  0  0  1  1  1  1  1  1  1  1  1
  96  1  1  1  1  1  1  1  1  1  1  1  1  1  1  1  1  1  1  1  1  1  1  1  1  1
  97  1  1  0  0  0  0  0  0  0  0  0  0  0  0  0  0  0  0  0  0  0  1  1  1  1
  98  0  0  1  1  1  1  1  1  1  1  1  1  1  1  1  1  1  1  1  1  1  0  0  1  0
  99  1  0  0  0  0  0  0  0  0  0  0  0  0  0  0  0  1  1  1  1  1  1  1  1  1
  100  1  0  0  0  0  0  0  0  0  0  0  0  0  0  0  0  1  1  1  1  1  1  1  1  1
  101  1  0  0  0  0  0  0  0  0  0  0  0  0  0  0  0  1  1  1  1  1  1  1  1  1
  102  1  1  0  0  0  0  0  0  0  0  0  0  0  0  0  0  1  1  1  1  1  1  1  1  1
  103  1  0  0  0  0  0  0  0  0  0  0  0  0  0  0  0  1  1  1  1  1  1  1  1  1
  104  1  0  0  0  0  0  0  0  0  0  0  0  0  0  0  0  1  1  1  1  1  1  1  1  1
  105  1  0  0  0  0  0  0  0  0  0  0  0  0  0  0  0  1  1  1  1  1  1  1  1  1
  106  0  1  1  1  1  1  1  1  1  1  1  1  1  1  1  1  1  1  1  1  1  1  0  1  0
  107  1  1  1  1  0  0  0  0  0  0  0  0  0  0  0  0  1  1  1  1  1  1  1  1  1
  108  0  0  0  0  0  0  0  0  0  0  0  0  0  0  0  0  0  0  0  0  0  0  0  0  0
  109  1  1  1  1  1  1  1  1  1  1  1  1  1  1  1  1  1  1  1  1  1  1  1  1  1
  110  0  1  1  1  1  1  1  0  1  0  0  0  0  0  0  0  0  0  0  0  0  0  0  0  0
  111  1  1  1  1  1  1  1  1  1  1  1  1  1  1  1  1  1  1  1  1  1  1  1  1  1
  112  0  1  1  1  1  1  1  1  1  1  1  1  1  1  1  1  0  0  0  0  0  0  0  0  0
  113  1  1  1  1  1  1  1  1  1  1  1  1  1  1  1  1  1  1  1  1  1  1  1  1  1
  114  1  1  1  1  1  1  1  1  1  1  1  1  1  1  1  1  1  1  1  1  1  1  1  1  1
  115  0  0  0  0  0  1  1  1  1  1  1  1  1  1  1  1  1  1  1  1  1  1  1  0  0
  116  0  0  0  0  0  1  1  1  1  1  1  1  1  1  1  1  1  1  1  1  1  1  1  0  0
  117  0  1  1  1  1  1  1  1  1  1  1  1  1  1  1  1  0  0  0  0  0  0  0  0  0
  118  1  1  1  1  1  0  0  0  0  0  0  0  0  0  0  0  0  0  0  0  0  0  0  1  1
;

# ===== EDGE CONNECTIVITY =====
# Maps edge index to (from_node, to_node)

param edge_from :=
  0  88
  1  0
  2  51
  3  96
  4  1
  5  2
  6  2
  7  4
  8  3
  9  6
  10  9
  11  7
  12  9
  13  5
  14  8
  15  81
  16  9
  17  11
  18  12
  19  13
  20  13
  21  14
  22  13
  23  15
  24  52
  25  16
  26  17
  27  17
  28  19
  29  21
  30  25
  31  22
  32  23
  33  23
  34  24
  35  26
  36  15
  37  11
  38  11
  39  28
  40  29
  41  30
  42  31
  43  32
  44  82
  45  34
  46  44
  47  35
  48  36
  49  85
  50  89
  51  40
  52  38
  53  39
  54  90
  55  43
  56  41
  57  42
  58  55
  59  45
  60  45
  61  35
  62  46
  63  83
  64  46
  65  47
  66  30
  67  49
  68  7
  69  37
  70  50
  71  53
  72  50
  73  56
  74  58
  75  87
  76  57
  77  59
  78  60
  79  61
  80  62
  81  63
  82  64
  83  64
  84  62
  85  67
  86  61
  87  69
  88  69
  89  70
  90  71
  91  71
  92  70
  93  73
  94  73
  95  91
  96  77
  97  77
  98  74
  99  12
  100  78
  101  79
  102  78
  103  10
  104  80
  105  82
  106  47
  107  84
  108  40
  109  86
  110  86
  111  31
  112  53
  113  84
  114  94
  115  92
  116  93
  117  95
  118  92
;

param edge_to :=
  0  52
  1  90
  2  91
  3  92
  4  2
  5  3
  6  4
  7  5
  8  6
  9  7
  10  7
  11  8
  12  8
  13  9
  14  47
  15  4
  16  10
  17  12
  18  10
  19  12
  20  11
  21  13
  22  15
  23  16
  24  16
  25  17
  26  18
  27  19
  28  20
  29  20
  30  21
  31  20
  32  22
  33  24
  34  26
  35  27
  36  27
  37  26
  38  28
  39  29
  40  30
  41  31
  42  32
  43  33
  44  35
  45  35
  46  55
  47  36
  48  37
  49  36
  50  40
  51  38
  52  39
  53  41
  54  39
  55  42
  56  43
  57  56
  58  43
  59  41
  60  44
  61  84
  62  44
  63  45
  64  47
  65  48
  66  48
  67  46
  68  49
  69  50
  70  53
  71  54
  72  86
  73  58
  74  57
  75  58
  76  59
  77  60
  78  61
  79  62
  80  63
  81  64
  82  65
  83  66
  84  67
  85  68
  86  69
  87  67
  88  70
  89  71
  90  72
  91  73
  92  74
  93  74
  94  77
  95  77
  96  76
  97  75
  98  75
  99  78
  100  79
  101  81
  102  80
  103  80
  104  81
  105  83
  106  83
  107  45
  108  85
  109  87
  110  56
  111  82
  112  87
  113  85
  114  14
  115  93
  116  94
  117  1
  118  94
;

# ===== ALTERNATIVE: Flow indexed by (from, to, pattern) =====
# flow_edge[i,j,p] = 1 if there is flow from node i to j in pattern p

param flow_edge :=
  88 52 6  1
  88 52 10  1
  88 52 11  1
  88 52 12  1
  88 52 13  1
  88 52 14  1
  88 52 15  1
  88 52 16  1
  88 52 17  1
  88 52 18  1
  88 52 19  1
  88 52 20  1
  88 52 21  1
  88 52 22  1
  0 90 11  1
  0 90 12  1
  0 90 13  1
  0 90 16  1
  0 90 17  1
  0 90 18  1
  0 90 19  1
  0 90 20  1
  0 90 21  1
  0 90 22  1
  0 90 24  1
  51 91 0  1
  51 91 1  1
  51 91 12  1
  51 91 16  1
  51 91 17  1
  51 91 18  1
  51 91 19  1
  51 91 20  1
  51 91 21  1
  51 91 22  1
  51 91 23  1
  51 91 24  1
  96 92 0  1
  96 92 1  1
  96 92 2  1
  96 92 3  1
  96 92 4  1
  96 92 5  1
  96 92 6  1
  96 92 7  1
  96 92 8  1
  96 92 9  1
  96 92 10  1
  96 92 11  1
  96 92 12  1
  96 92 13  1
  96 92 14  1
  96 92 15  1
  96 92 16  1
  96 92 17  1
  96 92 18  1
  96 92 19  1
  96 92 20  1
  96 92 21  1
  96 92 22  1
  96 92 23  1
  96 92 24  1
  1 2 1  1
  1 2 2  1
  1 2 3  1
  1 2 4  1
  1 2 5  1
  1 2 6  1
  1 2 7  1
  1 2 8  1
  1 2 9  1
  1 2 10  1
  1 2 11  1
  1 2 12  1
  1 2 13  1
  1 2 14  1
  1 2 15  1
  2 3 0  1
  2 3 1  1
  2 3 2  1
  2 3 3  1
  2 3 4  1
  2 3 5  1
  2 3 6  1
  2 3 7  1
  2 3 8  1
  2 3 9  1
  2 3 10  1
  2 3 11  1
  2 3 12  1
  2 3 13  1
  2 3 14  1
  2 3 15  1
  2 3 16  1
  2 3 17  1
  2 3 18  1
  2 3 19  1
  2 3 20  1
  2 3 21  1
  2 3 22  1
  2 3 23  1
  2 3 24  1
  2 4 1  1
  2 4 2  1
  2 4 3  1
  2 4 4  1
  2 4 5  1
  2 4 6  1
  2 4 7  1
  2 4 8  1
  2 4 9  1
  2 4 10  1
  2 4 11  1
  2 4 12  1
  2 4 13  1
  2 4 14  1
  2 4 15  1
  4 5 0  1
  4 5 1  1
  4 5 2  1
  4 5 3  1
  4 5 4  1
  4 5 5  1
  4 5 6  1
  4 5 7  1
  4 5 8  1
  4 5 9  1
  4 5 10  1
  4 5 11  1
  4 5 12  1
  4 5 13  1
  4 5 14  1
  4 5 15  1
  4 5 16  1
  4 5 17  1
  4 5 18  1
  4 5 19  1
  4 5 20  1
  4 5 21  1
  4 5 22  1
  4 5 23  1
  4 5 24  1
  3 6 1  1
  3 6 2  1
  3 6 3  1
  3 6 4  1
  3 6 5  1
  3 6 6  1
  3 6 7  1
  3 6 8  1
  3 6 9  1
  3 6 10  1
  3 6 11  1
  3 6 12  1
  3 6 13  1
  3 6 14  1
  3 6 15  1
  3 6 16  1
  3 6 17  1
  3 6 18  1
  3 6 19  1
  3 6 20  1
  3 6 21  1
  3 6 22  1
  3 6 23  1
  6 7 1  1
  6 7 2  1
  6 7 3  1
  6 7 4  1
  6 7 5  1
  6 7 6  1
  6 7 7  1
  6 7 8  1
  6 7 9  1
  6 7 10  1
  6 7 11  1
  6 7 12  1
  6 7 13  1
  6 7 14  1
  6 7 15  1
  9 7 0  1
  9 7 1  1
  9 7 2  1
  9 7 3  1
  9 7 4  1
  9 7 5  1
  9 7 6  1
  9 7 7  1
  9 7 8  1
  9 7 9  1
  9 7 10  1
  9 7 11  1
  9 7 12  1
  9 7 13  1
  9 7 14  1
  9 7 15  1
  9 7 16  1
  9 7 17  1
  9 7 18  1
  9 7 19  1
  9 7 20  1
  9 7 21  1
  9 7 22  1
  9 7 23  1
  9 7 24  1
  7 8 1  1
  7 8 2  1
  7 8 3  1
  7 8 4  1
  7 8 5  1
  7 8 6  1
  7 8 7  1
  7 8 8  1
  7 8 9  1
  7 8 10  1
  7 8 11  1
  7 8 12  1
  7 8 13  1
  7 8 14  1
  7 8 15  1
  7 8 16  1
  7 8 17  1
  7 8 18  1
  7 8 19  1
  7 8 20  1
  7 8 21  1
  7 8 23  1
  9 8 0  1
  9 8 1  1
  9 8 2  1
  9 8 3  1
  9 8 4  1
  9 8 5  1
  9 8 6  1
  9 8 7  1
  9 8 8  1
  9 8 9  1
  9 8 10  1
  9 8 11  1
  9 8 12  1
  9 8 13  1
  9 8 14  1
  9 8 15  1
  9 8 16  1
  9 8 17  1
  9 8 18  1
  9 8 19  1
  9 8 20  1
  9 8 21  1
  9 8 22  1
  9 8 23  1
  9 8 24  1
  5 9 1  1
  5 9 2  1
  5 9 3  1
  5 9 4  1
  5 9 5  1
  5 9 6  1
  5 9 7  1
  5 9 8  1
  5 9 9  1
  5 9 10  1
  5 9 11  1
  5 9 12  1
  5 9 13  1
  5 9 14  1
  5 9 15  1
  5 9 16  1
  5 9 17  1
  5 9 18  1
  5 9 19  1
  5 9 20  1
  5 9 21  1
  5 9 23  1
  8 47 0  1
  8 47 1  1
  8 47 2  1
  8 47 3  1
  8 47 4  1
  8 47 5  1
  8 47 6  1
  8 47 7  1
  8 47 8  1
  8 47 9  1
  8 47 10  1
  8 47 11  1
  8 47 12  1
  8 47 13  1
  8 47 14  1
  8 47 15  1
  8 47 16  1
  8 47 17  1
  8 47 18  1
  8 47 19  1
  8 47 20  1
  8 47 21  1
  8 47 22  1
  8 47 23  1
  81 4 0  1
  81 4 16  1
  81 4 17  1
  81 4 18  1
  81 4 19  1
  81 4 20  1
  81 4 21  1
  81 4 22  1
  81 4 23  1
  81 4 24  1
  11 12 0  1
  11 12 16  1
  11 12 17  1
  11 12 18  1
  11 12 19  1
  11 12 20  1
  11 12 21  1
  11 12 22  1
  11 12 23  1
  11 12 24  1
  12 10 0  1
  12 10 1  1
  12 10 2  1
  12 10 3  1
  12 10 16  1
  12 10 17  1
  12 10 18  1
  12 10 19  1
  12 10 20  1
  12 10 21  1
  12 10 22  1
  12 10 23  1
  12 10 24  1
  13 12 0  1
  13 12 1  1
  13 12 2  1
  13 12 3  1
  13 12 4  1
  13 12 5  1
  13 12 6  1
  13 12 7  1
  13 12 8  1
  13 12 9  1
  13 12 10  1
  13 12 11  1
  13 12 12  1
  13 12 13  1
  13 12 14  1
  13 12 15  1
  13 12 16  1
  13 12 17  1
  13 12 18  1
  13 12 19  1
  13 12 20  1
  13 12 21  1
  13 12 22  1
  13 12 23  1
  13 12 24  1
  13 11 0  1
  13 11 1  1
  13 11 2  1
  13 11 3  1
  13 11 4  1
  13 11 5  1
  13 11 6  1
  13 11 7  1
  13 11 8  1
  13 11 9  1
  13 11 10  1
  13 11 11  1
  13 11 12  1
  13 11 13  1
  13 11 14  1
  13 11 15  1
  13 11 16  1
  13 11 17  1
  13 11 18  1
  13 11 19  1
  13 11 20  1
  13 11 21  1
  13 11 22  1
  13 11 23  1
  13 11 24  1
  14 13 0  1
  14 13 1  1
  14 13 2  1
  14 13 3  1
  14 13 4  1
  14 13 5  1
  14 13 6  1
  14 13 7  1
  14 13 8  1
  14 13 9  1
  14 13 10  1
  14 13 11  1
  14 13 12  1
  14 13 13  1
  14 13 14  1
  14 13 15  1
  14 13 16  1
  14 13 17  1
  14 13 18  1
  14 13 19  1
  14 13 20  1
  14 13 21  1
  14 13 22  1
  14 13 23  1
  14 13 24  1
  13 15 0  1
  13 15 1  1
  13 15 2  1
  13 15 3  1
  13 15 4  1
  13 15 5  1
  13 15 7  1
  13 15 8  1
  13 15 9  1
  13 15 15  1
  13 15 23  1
  13 15 24  1
  15 16 0  1
  15 16 1  1
  15 16 2  1
  15 16 3  1
  15 16 4  1
  15 16 5  1
  15 16 7  1
  15 16 8  1
  15 16 9  1
  15 16 23  1
  15 16 24  1
  52 16 6  1
  52 16 10  1
  52 16 11  1
  52 16 12  1
  52 16 13  1
  52 16 14  1
  52 16 15  1
  52 16 16  1
  52 16 17  1
  52 16 18  1
  52 16 19  1
  52 16 20  1
  52 16 21  1
  52 16 22  1
  16 17 0  1
  16 17 1  1
  16 17 2  1
  16 17 3  1
  16 17 4  1
  16 17 5  1
  16 17 6  1
  16 17 7  1
  16 17 8  1
  16 17 9  1
  16 17 10  1
  16 17 11  1
  16 17 12  1
  16 17 13  1
  16 17 14  1
  16 17 15  1
  16 17 16  1
  16 17 17  1
  16 17 18  1
  16 17 19  1
  16 17 20  1
  16 17 21  1
  16 17 22  1
  16 17 23  1
  16 17 24  1
  17 18 0  1
  17 18 1  1
  17 18 2  1
  17 18 3  1
  17 18 4  1
  17 18 5  1
  17 18 6  1
  17 18 7  1
  17 18 8  1
  17 18 9  1
  17 18 10  1
  17 18 11  1
  17 18 12  1
  17 18 13  1
  17 18 14  1
  17 18 15  1
  17 18 16  1
  17 18 17  1
  17 18 18  1
  17 18 19  1
  17 18 20  1
  17 18 21  1
  17 18 22  1
  17 18 23  1
  17 18 24  1
  17 19 0  1
  17 19 1  1
  17 19 2  1
  17 19 3  1
  17 19 4  1
  17 19 5  1
  17 19 6  1
  17 19 7  1
  17 19 8  1
  17 19 9  1
  17 19 10  1
  17 19 11  1
  17 19 12  1
  17 19 13  1
  17 19 14  1
  17 19 15  1
  17 19 16  1
  17 19 17  1
  17 19 18  1
  17 19 19  1
  17 19 20  1
  17 19 21  1
  17 19 22  1
  17 19 23  1
  17 19 24  1
  19 20 0  1
  19 20 1  1
  19 20 2  1
  19 20 3  1
  19 20 4  1
  19 20 5  1
  19 20 6  1
  19 20 7  1
  19 20 8  1
  19 20 9  1
  19 20 10  1
  19 20 11  1
  19 20 12  1
  19 20 13  1
  19 20 14  1
  19 20 15  1
  19 20 16  1
  19 20 17  1
  19 20 18  1
  19 20 19  1
  19 20 20  1
  19 20 21  1
  19 20 22  1
  19 20 23  1
  19 20 24  1
  22 20 0  1
  22 20 1  1
  22 20 2  1
  22 20 3  1
  22 20 4  1
  22 20 5  1
  22 20 6  1
  22 20 7  1
  22 20 12  1
  22 20 13  1
  22 20 14  1
  22 20 15  1
  22 20 16  1
  22 20 24  1
  23 22 0  1
  23 22 1  1
  23 22 2  1
  23 22 3  1
  23 22 4  1
  23 22 5  1
  23 22 6  1
  23 22 7  1
  23 22 12  1
  23 22 13  1
  23 22 14  1
  23 22 15  1
  23 22 16  1
  23 22 24  1
  23 24 8  1
  23 24 9  1
  23 24 10  1
  23 24 11  1
  23 24 17  1
  23 24 18  1
  23 24 19  1
  23 24 20  1
  23 24 21  1
  23 24 22  1
  23 24 23  1
  24 26 8  1
  24 26 9  1
  24 26 10  1
  24 26 11  1
  24 26 17  1
  24 26 18  1
  24 26 19  1
  24 26 20  1
  24 26 21  1
  24 26 22  1
  15 27 0  1
  15 27 1  1
  15 27 2  1
  15 27 3  1
  15 27 4  1
  15 27 5  1
  15 27 6  1
  15 27 7  1
  15 27 8  1
  15 27 9  1
  15 27 10  1
  15 27 11  1
  15 27 12  1
  15 27 13  1
  15 27 14  1
  15 27 15  1
  15 27 16  1
  15 27 17  1
  15 27 18  1
  15 27 19  1
  15 27 20  1
  15 27 21  1
  15 27 22  1
  15 27 23  1
  15 27 24  1
  11 26 0  1
  11 26 1  1
  11 26 2  1
  11 26 3  1
  11 26 4  1
  11 26 5  1
  11 26 6  1
  11 26 7  1
  11 26 8  1
  11 26 9  1
  11 26 10  1
  11 26 11  1
  11 26 12  1
  11 26 13  1
  11 26 14  1
  11 26 15  1
  11 26 16  1
  11 26 23  1
  11 26 24  1
  11 28 0  1
  11 28 1  1
  11 28 2  1
  11 28 3  1
  11 28 4  1
  11 28 5  1
  11 28 6  1
  11 28 7  1
  11 28 8  1
  11 28 9  1
  11 28 10  1
  11 28 11  1
  11 28 12  1
  11 28 13  1
  11 28 14  1
  11 28 15  1
  11 28 16  1
  11 28 17  1
  11 28 18  1
  11 28 19  1
  11 28 20  1
  11 28 21  1
  11 28 22  1
  11 28 23  1
  11 28 24  1
  28 29 0  1
  28 29 1  1
  28 29 2  1
  28 29 3  1
  28 29 4  1
  28 29 5  1
  28 29 6  1
  28 29 7  1
  28 29 8  1
  28 29 9  1
  28 29 10  1
  28 29 11  1
  28 29 12  1
  28 29 13  1
  28 29 14  1
  28 29 15  1
  28 29 16  1
  28 29 17  1
  28 29 18  1
  28 29 19  1
  28 29 20  1
  28 29 21  1
  28 29 22  1
  28 29 23  1
  28 29 24  1
  29 30 0  1
  29 30 1  1
  29 30 2  1
  29 30 3  1
  29 30 4  1
  29 30 5  1
  29 30 6  1
  29 30 7  1
  29 30 8  1
  29 30 9  1
  29 30 10  1
  29 30 11  1
  29 30 12  1
  29 30 13  1
  29 30 14  1
  29 30 15  1
  29 30 16  1
  29 30 17  1
  29 30 18  1
  29 30 19  1
  29 30 20  1
  29 30 21  1
  29 30 22  1
  29 30 23  1
  29 30 24  1
  30 31 0  1
  30 31 1  1
  30 31 2  1
  30 31 3  1
  30 31 4  1
  30 31 5  1
  30 31 6  1
  30 31 7  1
  30 31 8  1
  30 31 9  1
  30 31 10  1
  30 31 11  1
  30 31 12  1
  30 31 13  1
  30 31 14  1
  30 31 15  1
  30 31 16  1
  30 31 17  1
  30 31 18  1
  30 31 19  1
  30 31 20  1
  30 31 21  1
  30 31 22  1
  30 31 23  1
  30 31 24  1
  31 32 0  1
  31 32 1  1
  31 32 2  1
  31 32 3  1
  31 32 4  1
  31 32 5  1
  31 32 6  1
  31 32 7  1
  31 32 8  1
  31 32 9  1
  31 32 10  1
  31 32 11  1
  31 32 12  1
  31 32 13  1
  31 32 14  1
  31 32 15  1
  31 32 16  1
  31 32 17  1
  31 32 18  1
  31 32 19  1
  31 32 20  1
  31 32 21  1
  31 32 22  1
  31 32 23  1
  31 32 24  1
  32 33 0  1
  32 33 1  1
  32 33 2  1
  32 33 3  1
  32 33 4  1
  32 33 5  1
  32 33 6  1
  32 33 7  1
  32 33 8  1
  32 33 9  1
  32 33 10  1
  32 33 11  1
  32 33 12  1
  32 33 13  1
  32 33 14  1
  32 33 15  1
  32 33 16  1
  32 33 17  1
  32 33 18  1
  32 33 19  1
  32 33 20  1
  32 33 21  1
  32 33 22  1
  32 33 23  1
  32 33 24  1
  82 35 0  1
  82 35 1  1
  82 35 2  1
  82 35 3  1
  82 35 4  1
  82 35 5  1
  82 35 6  1
  82 35 7  1
  82 35 8  1
  82 35 9  1
  82 35 10  1
  82 35 11  1
  82 35 12  1
  82 35 13  1
  82 35 14  1
  82 35 15  1
  82 35 16  1
  82 35 17  1
  82 35 18  1
  82 35 19  1
  82 35 20  1
  82 35 21  1
  82 35 22  1
  82 35 23  1
  82 35 24  1
  44 55 0  1
  44 55 1  1
  44 55 2  1
  44 55 3  1
  44 55 4  1
  44 55 5  1
  44 55 6  1
  44 55 7  1
  44 55 8  1
  44 55 9  1
  44 55 10  1
  44 55 11  1
  44 55 12  1
  44 55 13  1
  44 55 14  1
  44 55 15  1
  44 55 16  1
  44 55 17  1
  44 55 18  1
  44 55 19  1
  44 55 20  1
  44 55 21  1
  44 55 22  1
  44 55 23  1
  44 55 24  1
  35 36 0  1
  35 36 1  1
  35 36 2  1
  35 36 3  1
  35 36 4  1
  35 36 5  1
  35 36 6  1
  35 36 7  1
  35 36 8  1
  35 36 9  1
  35 36 10  1
  35 36 11  1
  35 36 12  1
  35 36 13  1
  35 36 14  1
  35 36 15  1
  35 36 16  1
  35 36 17  1
  35 36 18  1
  35 36 19  1
  35 36 20  1
  35 36 21  1
  35 36 22  1
  35 36 23  1
  35 36 24  1
  36 37 0  1
  36 37 1  1
  36 37 2  1
  36 37 3  1
  36 37 4  1
  36 37 5  1
  36 37 6  1
  36 37 7  1
  36 37 8  1
  36 37 9  1
  36 37 10  1
  36 37 11  1
  36 37 12  1
  36 37 13  1
  36 37 14  1
  36 37 15  1
  36 37 16  1
  36 37 17  1
  36 37 18  1
  36 37 19  1
  36 37 20  1
  36 37 21  1
  36 37 22  1
  36 37 23  1
  36 37 24  1
  40 38 0  1
  40 38 1  1
  40 38 2  1
  40 38 3  1
  40 38 4  1
  40 38 5  1
  40 38 6  1
  40 38 7  1
  40 38 23  1
  38 39 0  1
  38 39 1  1
  38 39 2  1
  38 39 3  1
  38 39 4  1
  38 39 5  1
  38 39 6  1
  38 39 7  1
  38 39 23  1
  39 41 22  1
  39 41 24  1
  90 39 11  1
  90 39 12  1
  90 39 13  1
  90 39 16  1
  90 39 17  1
  90 39 18  1
  90 39 19  1
  90 39 20  1
  90 39 21  1
  90 39 22  1
  90 39 24  1
  43 42 0  1
  43 42 1  1
  43 42 2  1
  43 42 3  1
  43 42 4  1
  43 42 5  1
  43 42 6  1
  43 42 7  1
  43 42 8  1
  43 42 9  1
  43 42 10  1
  43 42 11  1
  43 42 12  1
  43 42 13  1
  43 42 14  1
  43 42 15  1
  43 42 16  1
  43 42 17  1
  43 42 18  1
  43 42 19  1
  43 42 20  1
  43 42 21  1
  43 42 22  1
  43 42 23  1
  43 42 24  1
  41 43 0  1
  41 43 1  1
  41 43 2  1
  41 43 3  1
  41 43 4  1
  41 43 5  1
  41 43 6  1
  41 43 7  1
  41 43 8  1
  41 43 9  1
  41 43 10  1
  41 43 11  1
  41 43 12  1
  41 43 13  1
  41 43 14  1
  41 43 15  1
  41 43 16  1
  41 43 17  1
  41 43 18  1
  41 43 19  1
  41 43 20  1
  41 43 21  1
  41 43 22  1
  41 43 23  1
  41 43 24  1
  42 56 0  1
  42 56 1  1
  42 56 2  1
  42 56 3  1
  42 56 4  1
  42 56 5  1
  42 56 6  1
  42 56 7  1
  42 56 8  1
  42 56 9  1
  42 56 10  1
  42 56 11  1
  42 56 12  1
  42 56 13  1
  42 56 14  1
  42 56 15  1
  42 56 16  1
  42 56 17  1
  42 56 18  1
  42 56 19  1
  42 56 20  1
  42 56 21  1
  42 56 22  1
  42 56 23  1
  42 56 24  1
  55 43 0  1
  55 43 1  1
  55 43 2  1
  55 43 3  1
  55 43 4  1
  55 43 5  1
  55 43 6  1
  55 43 7  1
  55 43 8  1
  55 43 9  1
  55 43 10  1
  55 43 11  1
  55 43 12  1
  55 43 13  1
  55 43 14  1
  55 43 15  1
  55 43 16  1
  55 43 17  1
  55 43 18  1
  55 43 19  1
  55 43 20  1
  55 43 21  1
  55 43 22  1
  55 43 23  1
  55 43 24  1
  45 41 0  1
  45 41 1  1
  45 41 2  1
  45 41 3  1
  45 41 4  1
  45 41 5  1
  45 41 6  1
  45 41 7  1
  45 41 8  1
  45 41 9  1
  45 41 10  1
  45 41 11  1
  45 41 12  1
  45 41 13  1
  45 41 14  1
  45 41 15  1
  45 41 16  1
  45 41 17  1
  45 41 18  1
  45 41 19  1
  45 41 20  1
  45 41 21  1
  45 41 22  1
  45 41 23  1
  45 41 24  1
  45 44 0  1
  45 44 16  1
  45 44 17  1
  45 44 18  1
  45 44 19  1
  45 44 20  1
  45 44 21  1
  45 44 22  1
  45 44 23  1
  45 44 24  1
  35 84 0  1
  35 84 1  1
  35 84 2  1
  35 84 3  1
  35 84 4  1
  35 84 5  1
  35 84 6  1
  35 84 7  1
  35 84 8  1
  35 84 9  1
  35 84 10  1
  35 84 11  1
  35 84 12  1
  35 84 13  1
  35 84 14  1
  35 84 15  1
  35 84 16  1
  35 84 17  1
  35 84 18  1
  35 84 19  1
  35 84 20  1
  35 84 21  1
  35 84 22  1
  35 84 23  1
  35 84 24  1
  46 44 0  1
  46 44 1  1
  46 44 2  1
  46 44 3  1
  46 44 4  1
  46 44 5  1
  46 44 6  1
  46 44 7  1
  46 44 8  1
  46 44 9  1
  46 44 10  1
  46 44 11  1
  46 44 12  1
  46 44 13  1
  46 44 14  1
  46 44 15  1
  46 44 16  1
  46 44 17  1
  46 44 18  1
  46 44 19  1
  46 44 20  1
  46 44 21  1
  46 44 22  1
  46 44 23  1
  46 44 24  1
  83 45 0  1
  83 45 1  1
  83 45 2  1
  83 45 3  1
  83 45 4  1
  83 45 5  1
  83 45 6  1
  83 45 7  1
  83 45 8  1
  83 45 9  1
  83 45 10  1
  83 45 11  1
  83 45 12  1
  83 45 13  1
  83 45 14  1
  83 45 15  1
  83 45 16  1
  83 45 17  1
  83 45 18  1
  83 45 19  1
  83 45 20  1
  83 45 21  1
  83 45 22  1
  83 45 23  1
  83 45 24  1
  46 47 4  1
  46 47 5  1
  46 47 6  1
  46 47 7  1
  46 47 8  1
  46 47 9  1
  46 47 10  1
  46 47 11  1
  46 47 12  1
  46 47 13  1
  46 47 14  1
  46 47 15  1
  47 48 2  1
  47 48 3  1
  47 48 4  1
  47 48 5  1
  47 48 6  1
  47 48 7  1
  47 48 8  1
  47 48 9  1
  47 48 10  1
  47 48 11  1
  47 48 12  1
  47 48 13  1
  47 48 14  1
  47 48 15  1
  30 48 0  1
  30 48 1  1
  30 48 16  1
  30 48 17  1
  30 48 18  1
  30 48 19  1
  30 48 20  1
  30 48 21  1
  30 48 22  1
  30 48 23  1
  30 48 24  1
  49 46 0  1
  49 46 1  1
  49 46 2  1
  49 46 3  1
  49 46 4  1
  49 46 5  1
  49 46 6  1
  49 46 7  1
  49 46 8  1
  49 46 9  1
  49 46 10  1
  49 46 11  1
  49 46 12  1
  49 46 13  1
  49 46 14  1
  49 46 15  1
  49 46 16  1
  49 46 17  1
  49 46 18  1
  49 46 19  1
  49 46 20  1
  49 46 21  1
  49 46 22  1
  49 46 23  1
  49 46 24  1
  7 49 0  1
  7 49 1  1
  7 49 2  1
  7 49 3  1
  7 49 4  1
  7 49 5  1
  7 49 6  1
  7 49 7  1
  7 49 8  1
  7 49 9  1
  7 49 10  1
  7 49 11  1
  7 49 12  1
  7 49 13  1
  7 49 14  1
  7 49 15  1
  7 49 16  1
  7 49 17  1
  7 49 18  1
  7 49 19  1
  7 49 20  1
  7 49 21  1
  7 49 22  1
  7 49 23  1
  7 49 24  1
  37 50 0  1
  37 50 1  1
  37 50 2  1
  37 50 3  1
  37 50 4  1
  37 50 5  1
  37 50 6  1
  37 50 7  1
  37 50 8  1
  37 50 9  1
  37 50 10  1
  37 50 11  1
  37 50 12  1
  37 50 13  1
  37 50 14  1
  37 50 15  1
  37 50 16  1
  37 50 17  1
  37 50 18  1
  37 50 19  1
  37 50 20  1
  37 50 21  1
  37 50 22  1
  37 50 23  1
  37 50 24  1
  50 53 0  1
  50 53 1  1
  50 53 2  1
  50 53 3  1
  50 53 4  1
  50 53 5  1
  50 53 6  1
  50 53 7  1
  50 53 8  1
  50 53 9  1
  50 53 10  1
  50 53 11  1
  50 53 12  1
  50 53 13  1
  50 53 14  1
  50 53 15  1
  50 53 16  1
  50 53 17  1
  50 53 18  1
  50 53 19  1
  50 53 20  1
  50 53 21  1
  50 53 22  1
  50 53 23  1
  50 53 24  1
  53 54 0  1
  53 54 1  1
  53 54 2  1
  53 54 3  1
  53 54 4  1
  53 54 5  1
  53 54 6  1
  53 54 7  1
  53 54 8  1
  53 54 9  1
  53 54 10  1
  53 54 11  1
  53 54 12  1
  53 54 13  1
  53 54 14  1
  53 54 15  1
  53 54 16  1
  53 54 17  1
  53 54 18  1
  53 54 19  1
  53 54 20  1
  53 54 21  1
  53 54 22  1
  53 54 23  1
  53 54 24  1
  50 86 0  1
  50 86 1  1
  50 86 2  1
  50 86 3  1
  50 86 4  1
  50 86 5  1
  50 86 6  1
  50 86 7  1
  50 86 8  1
  50 86 9  1
  50 86 10  1
  50 86 11  1
  50 86 12  1
  50 86 13  1
  50 86 14  1
  50 86 15  1
  50 86 16  1
  50 86 17  1
  50 86 18  1
  50 86 19  1
  50 86 20  1
  50 86 21  1
  50 86 22  1
  50 86 23  1
  50 86 24  1
  56 58 0  1
  56 58 1  1
  56 58 2  1
  56 58 3  1
  56 58 4  1
  56 58 5  1
  56 58 6  1
  56 58 7  1
  56 58 8  1
  56 58 9  1
  56 58 10  1
  56 58 11  1
  56 58 12  1
  56 58 13  1
  56 58 14  1
  56 58 15  1
  56 58 16  1
  56 58 17  1
  56 58 18  1
  56 58 19  1
  56 58 20  1
  56 58 21  1
  56 58 22  1
  56 58 23  1
  56 58 24  1
  58 57 0  1
  58 57 1  1
  58 57 2  1
  58 57 3  1
  58 57 4  1
  58 57 5  1
  58 57 6  1
  58 57 7  1
  58 57 8  1
  58 57 9  1
  58 57 10  1
  58 57 11  1
  58 57 12  1
  58 57 13  1
  58 57 14  1
  58 57 15  1
  58 57 16  1
  58 57 17  1
  58 57 18  1
  58 57 19  1
  58 57 20  1
  58 57 21  1
  58 57 22  1
  58 57 23  1
  58 57 24  1
  87 58 0  1
  87 58 1  1
  87 58 2  1
  87 58 3  1
  87 58 4  1
  87 58 5  1
  87 58 6  1
  87 58 7  1
  87 58 8  1
  87 58 9  1
  87 58 10  1
  87 58 11  1
  87 58 12  1
  87 58 13  1
  87 58 14  1
  87 58 15  1
  87 58 16  1
  87 58 23  1
  87 58 24  1
  57 59 0  1
  57 59 1  1
  57 59 2  1
  57 59 3  1
  57 59 4  1
  57 59 5  1
  57 59 6  1
  57 59 7  1
  57 59 8  1
  57 59 9  1
  57 59 10  1
  57 59 11  1
  57 59 12  1
  57 59 13  1
  57 59 14  1
  57 59 15  1
  57 59 16  1
  57 59 17  1
  57 59 18  1
  57 59 19  1
  57 59 20  1
  57 59 21  1
  57 59 22  1
  57 59 23  1
  57 59 24  1
  59 60 0  1
  59 60 1  1
  59 60 2  1
  59 60 3  1
  59 60 4  1
  59 60 5  1
  59 60 6  1
  59 60 7  1
  59 60 8  1
  59 60 9  1
  59 60 10  1
  59 60 11  1
  59 60 12  1
  59 60 13  1
  59 60 14  1
  59 60 15  1
  59 60 16  1
  59 60 17  1
  59 60 18  1
  59 60 19  1
  59 60 20  1
  59 60 21  1
  59 60 22  1
  59 60 23  1
  59 60 24  1
  60 61 0  1
  60 61 1  1
  60 61 2  1
  60 61 3  1
  60 61 4  1
  60 61 5  1
  60 61 6  1
  60 61 7  1
  60 61 8  1
  60 61 9  1
  60 61 10  1
  60 61 11  1
  60 61 12  1
  60 61 13  1
  60 61 14  1
  60 61 15  1
  60 61 16  1
  60 61 17  1
  60 61 18  1
  60 61 19  1
  60 61 20  1
  60 61 21  1
  60 61 22  1
  60 61 23  1
  60 61 24  1
  61 62 0  1
  61 62 1  1
  61 62 2  1
  61 62 3  1
  61 62 4  1
  61 62 5  1
  61 62 6  1
  61 62 7  1
  61 62 8  1
  61 62 9  1
  61 62 10  1
  61 62 11  1
  61 62 12  1
  61 62 13  1
  61 62 14  1
  61 62 15  1
  61 62 16  1
  61 62 17  1
  61 62 18  1
  61 62 19  1
  61 62 20  1
  61 62 21  1
  61 62 22  1
  61 62 23  1
  61 62 24  1
  62 63 0  1
  62 63 1  1
  62 63 2  1
  62 63 3  1
  62 63 4  1
  62 63 5  1
  62 63 6  1
  62 63 7  1
  62 63 8  1
  62 63 9  1
  62 63 10  1
  62 63 11  1
  62 63 12  1
  62 63 13  1
  62 63 14  1
  62 63 15  1
  62 63 16  1
  62 63 17  1
  62 63 18  1
  62 63 19  1
  62 63 20  1
  62 63 21  1
  62 63 22  1
  62 63 23  1
  62 63 24  1
  63 64 0  1
  63 64 1  1
  63 64 2  1
  63 64 3  1
  63 64 4  1
  63 64 5  1
  63 64 6  1
  63 64 7  1
  63 64 8  1
  63 64 9  1
  63 64 10  1
  63 64 11  1
  63 64 12  1
  63 64 13  1
  63 64 14  1
  63 64 15  1
  63 64 16  1
  63 64 17  1
  63 64 18  1
  63 64 19  1
  63 64 20  1
  63 64 21  1
  63 64 22  1
  63 64 23  1
  63 64 24  1
  64 65 0  1
  64 65 1  1
  64 65 2  1
  64 65 3  1
  64 65 4  1
  64 65 5  1
  64 65 6  1
  64 65 7  1
  64 65 8  1
  64 65 9  1
  64 65 10  1
  64 65 11  1
  64 65 12  1
  64 65 13  1
  64 65 14  1
  64 65 15  1
  64 65 16  1
  64 65 17  1
  64 65 18  1
  64 65 19  1
  64 65 20  1
  64 65 21  1
  64 65 22  1
  64 65 23  1
  64 65 24  1
  64 66 0  1
  64 66 1  1
  64 66 2  1
  64 66 3  1
  64 66 4  1
  64 66 5  1
  64 66 6  1
  64 66 7  1
  64 66 8  1
  64 66 9  1
  64 66 10  1
  64 66 11  1
  64 66 12  1
  64 66 13  1
  64 66 14  1
  64 66 15  1
  64 66 16  1
  64 66 17  1
  64 66 18  1
  64 66 19  1
  64 66 20  1
  64 66 21  1
  64 66 22  1
  64 66 23  1
  64 66 24  1
  62 67 0  1
  62 67 1  1
  62 67 2  1
  62 67 3  1
  62 67 4  1
  62 67 5  1
  62 67 6  1
  62 67 7  1
  62 67 8  1
  62 67 9  1
  62 67 10  1
  62 67 11  1
  62 67 12  1
  62 67 13  1
  62 67 14  1
  62 67 15  1
  62 67 16  1
  62 67 17  1
  62 67 18  1
  62 67 19  1
  62 67 20  1
  62 67 21  1
  62 67 22  1
  62 67 23  1
  62 67 24  1
  67 68 0  1
  67 68 1  1
  67 68 2  1
  67 68 3  1
  67 68 4  1
  67 68 5  1
  67 68 6  1
  67 68 7  1
  67 68 8  1
  67 68 9  1
  67 68 10  1
  67 68 11  1
  67 68 12  1
  67 68 13  1
  67 68 14  1
  67 68 15  1
  67 68 16  1
  67 68 17  1
  67 68 18  1
  67 68 19  1
  67 68 20  1
  67 68 21  1
  67 68 22  1
  67 68 23  1
  67 68 24  1
  61 69 0  1
  61 69 1  1
  61 69 2  1
  61 69 3  1
  61 69 4  1
  61 69 5  1
  61 69 6  1
  61 69 7  1
  61 69 8  1
  61 69 9  1
  61 69 10  1
  61 69 11  1
  61 69 12  1
  61 69 13  1
  61 69 14  1
  61 69 15  1
  61 69 16  1
  61 69 17  1
  61 69 18  1
  61 69 19  1
  61 69 20  1
  61 69 21  1
  61 69 22  1
  61 69 23  1
  61 69 24  1
  69 67 0  1
  69 67 1  1
  69 67 12  1
  69 67 13  1
  69 67 16  1
  69 67 17  1
  69 67 18  1
  69 67 19  1
  69 67 20  1
  69 67 21  1
  69 67 22  1
  69 67 23  1
  69 67 24  1
  69 70 1  1
  69 70 2  1
  69 70 3  1
  69 70 4  1
  69 70 5  1
  69 70 6  1
  69 70 7  1
  69 70 8  1
  69 70 9  1
  69 70 10  1
  69 70 11  1
  69 70 12  1
  69 70 13  1
  69 70 14  1
  69 70 15  1
  69 70 16  1
  69 70 17  1
  69 70 18  1
  69 70 19  1
  69 70 20  1
  69 70 23  1
  69 70 24  1
  70 71 1  1
  70 71 2  1
  70 71 3  1
  70 71 4  1
  70 71 5  1
  70 71 6  1
  70 71 7  1
  70 71 8  1
  70 71 9  1
  70 71 10  1
  70 71 11  1
  70 71 12  1
  70 71 13  1
  70 71 14  1
  70 71 15  1
  70 71 16  1
  70 71 17  1
  70 71 18  1
  70 71 19  1
  70 71 20  1
  70 71 23  1
  71 72 0  1
  71 72 1  1
  71 72 2  1
  71 72 3  1
  71 72 4  1
  71 72 5  1
  71 72 6  1
  71 72 7  1
  71 72 8  1
  71 72 9  1
  71 72 10  1
  71 72 11  1
  71 72 12  1
  71 72 13  1
  71 72 14  1
  71 72 15  1
  71 72 16  1
  71 72 17  1
  71 72 18  1
  71 72 19  1
  71 72 20  1
  71 72 21  1
  71 72 22  1
  71 72 23  1
  71 72 24  1
  71 73 1  1
  71 73 2  1
  71 73 3  1
  71 73 4  1
  71 73 5  1
  71 73 6  1
  71 73 7  1
  71 73 8  1
  71 73 9  1
  71 73 10  1
  71 73 11  1
  71 73 12  1
  71 73 13  1
  71 73 14  1
  71 73 15  1
  71 73 16  1
  71 73 17  1
  71 73 18  1
  71 73 19  1
  71 73 20  1
  71 73 23  1
  70 74 1  1
  70 74 2  1
  70 74 3  1
  70 74 4  1
  70 74 5  1
  70 74 6  1
  70 74 7  1
  70 74 8  1
  70 74 9  1
  70 74 10  1
  70 74 11  1
  70 74 12  1
  70 74 13  1
  70 74 14  1
  70 74 15  1
  70 74 16  1
  70 74 17  1
  70 74 18  1
  70 74 19  1
  70 74 20  1
  70 74 23  1
  73 74 0  1
  73 74 21  1
  73 74 22  1
  73 77 2  1
  73 77 3  1
  73 77 4  1
  73 77 5  1
  73 77 6  1
  73 77 7  1
  73 77 8  1
  73 77 9  1
  73 77 10  1
  73 77 11  1
  73 77 12  1
  73 77 13  1
  73 77 14  1
  73 77 15  1
  73 77 16  1
  73 77 17  1
  73 77 18  1
  73 77 19  1
  73 77 20  1
  91 77 0  1
  91 77 1  1
  91 77 12  1
  91 77 16  1
  91 77 17  1
  91 77 18  1
  91 77 19  1
  91 77 20  1
  91 77 21  1
  91 77 22  1
  91 77 23  1
  91 77 24  1
  77 76 0  1
  77 76 1  1
  77 76 2  1
  77 76 3  1
  77 76 4  1
  77 76 5  1
  77 76 6  1
  77 76 7  1
  77 76 8  1
  77 76 9  1
  77 76 10  1
  77 76 11  1
  77 76 12  1
  77 76 13  1
  77 76 14  1
  77 76 15  1
  77 76 16  1
  77 76 17  1
  77 76 18  1
  77 76 19  1
  77 76 20  1
  77 76 21  1
  77 76 22  1
  77 76 23  1
  77 76 24  1
  77 75 0  1
  77 75 1  1
  77 75 21  1
  77 75 22  1
  77 75 23  1
  77 75 24  1
  74 75 2  1
  74 75 3  1
  74 75 4  1
  74 75 5  1
  74 75 6  1
  74 75 7  1
  74 75 8  1
  74 75 9  1
  74 75 10  1
  74 75 11  1
  74 75 12  1
  74 75 13  1
  74 75 14  1
  74 75 15  1
  74 75 16  1
  74 75 17  1
  74 75 18  1
  74 75 19  1
  74 75 20  1
  74 75 23  1
  12 78 0  1
  12 78 16  1
  12 78 17  1
  12 78 18  1
  12 78 19  1
  12 78 20  1
  12 78 21  1
  12 78 22  1
  12 78 23  1
  12 78 24  1
  78 79 0  1
  78 79 16  1
  78 79 17  1
  78 79 18  1
  78 79 19  1
  78 79 20  1
  78 79 21  1
  78 79 22  1
  78 79 23  1
  78 79 24  1
  79 81 0  1
  79 81 16  1
  79 81 17  1
  79 81 18  1
  79 81 19  1
  79 81 20  1
  79 81 21  1
  79 81 22  1
  79 81 23  1
  79 81 24  1
  78 80 0  1
  78 80 1  1
  78 80 16  1
  78 80 17  1
  78 80 18  1
  78 80 19  1
  78 80 20  1
  78 80 21  1
  78 80 22  1
  78 80 23  1
  78 80 24  1
  10 80 0  1
  10 80 16  1
  10 80 17  1
  10 80 18  1
  10 80 19  1
  10 80 20  1
  10 80 21  1
  10 80 22  1
  10 80 23  1
  10 80 24  1
  80 81 0  1
  80 81 16  1
  80 81 17  1
  80 81 18  1
  80 81 19  1
  80 81 20  1
  80 81 21  1
  80 81 22  1
  80 81 23  1
  80 81 24  1
  82 83 0  1
  82 83 16  1
  82 83 17  1
  82 83 18  1
  82 83 19  1
  82 83 20  1
  82 83 21  1
  82 83 22  1
  82 83 23  1
  82 83 24  1
  47 83 1  1
  47 83 2  1
  47 83 3  1
  47 83 4  1
  47 83 5  1
  47 83 6  1
  47 83 7  1
  47 83 8  1
  47 83 9  1
  47 83 10  1
  47 83 11  1
  47 83 12  1
  47 83 13  1
  47 83 14  1
  47 83 15  1
  47 83 16  1
  47 83 17  1
  47 83 18  1
  47 83 19  1
  47 83 20  1
  47 83 21  1
  47 83 23  1
  84 45 0  1
  84 45 1  1
  84 45 2  1
  84 45 3  1
  84 45 16  1
  84 45 17  1
  84 45 18  1
  84 45 19  1
  84 45 20  1
  84 45 21  1
  84 45 22  1
  84 45 23  1
  84 45 24  1
  86 87 0  1
  86 87 1  1
  86 87 2  1
  86 87 3  1
  86 87 4  1
  86 87 5  1
  86 87 6  1
  86 87 7  1
  86 87 8  1
  86 87 9  1
  86 87 10  1
  86 87 11  1
  86 87 12  1
  86 87 13  1
  86 87 14  1
  86 87 15  1
  86 87 16  1
  86 87 17  1
  86 87 18  1
  86 87 19  1
  86 87 20  1
  86 87 21  1
  86 87 22  1
  86 87 23  1
  86 87 24  1
  86 56 1  1
  86 56 2  1
  86 56 3  1
  86 56 4  1
  86 56 5  1
  86 56 6  1
  86 56 8  1
  31 82 0  1
  31 82 1  1
  31 82 2  1
  31 82 3  1
  31 82 4  1
  31 82 5  1
  31 82 6  1
  31 82 7  1
  31 82 8  1
  31 82 9  1
  31 82 10  1
  31 82 11  1
  31 82 12  1
  31 82 13  1
  31 82 14  1
  31 82 15  1
  31 82 16  1
  31 82 17  1
  31 82 18  1
  31 82 19  1
  31 82 20  1
  31 82 21  1
  31 82 22  1
  31 82 23  1
  31 82 24  1
  53 87 1  1
  53 87 2  1
  53 87 3  1
  53 87 4  1
  53 87 5  1
  53 87 6  1
  53 87 7  1
  53 87 8  1
  53 87 9  1
  53 87 10  1
  53 87 11  1
  53 87 12  1
  53 87 13  1
  53 87 14  1
  53 87 15  1
  84 85 0  1
  84 85 1  1
  84 85 2  1
  84 85 3  1
  84 85 4  1
  84 85 5  1
  84 85 6  1
  84 85 7  1
  84 85 8  1
  84 85 9  1
  84 85 10  1
  84 85 11  1
  84 85 12  1
  84 85 13  1
  84 85 14  1
  84 85 15  1
  84 85 16  1
  84 85 17  1
  84 85 18  1
  84 85 19  1
  84 85 20  1
  84 85 21  1
  84 85 22  1
  84 85 23  1
  84 85 24  1
  94 14 0  1
  94 14 1  1
  94 14 2  1
  94 14 3  1
  94 14 4  1
  94 14 5  1
  94 14 6  1
  94 14 7  1
  94 14 8  1
  94 14 9  1
  94 14 10  1
  94 14 11  1
  94 14 12  1
  94 14 13  1
  94 14 14  1
  94 14 15  1
  94 14 16  1
  94 14 17  1
  94 14 18  1
  94 14 19  1
  94 14 20  1
  94 14 21  1
  94 14 22  1
  94 14 23  1
  94 14 24  1
  92 93 5  1
  92 93 6  1
  92 93 7  1
  92 93 8  1
  92 93 9  1
  92 93 10  1
  92 93 11  1
  92 93 12  1
  92 93 13  1
  92 93 14  1
  92 93 15  1
  92 93 16  1
  92 93 17  1
  92 93 18  1
  92 93 19  1
  92 93 20  1
  92 93 21  1
  92 93 22  1
  93 94 5  1
  93 94 6  1
  93 94 7  1
  93 94 8  1
  93 94 9  1
  93 94 10  1
  93 94 11  1
  93 94 12  1
  93 94 13  1
  93 94 14  1
  93 94 15  1
  93 94 16  1
  93 94 17  1
  93 94 18  1
  93 94 19  1
  93 94 20  1
  93 94 21  1
  93 94 22  1
  95 1 1  1
  95 1 2  1
  95 1 3  1
  95 1 4  1
  95 1 5  1
  95 1 6  1
  95 1 7  1
  95 1 8  1
  95 1 9  1
  95 1 10  1
  95 1 11  1
  95 1 12  1
  95 1 13  1
  95 1 14  1
  95 1 15  1
  92 94 0  1
  92 94 1  1
  92 94 2  1
  92 94 3  1
  92 94 4  1
  92 94 23  1
  92 94 24  1
;

# End of AMPL data file
